2,4 1 3 0
15 14 11,12 2,22 5 - 35,37 1 - 16 32 11 11 33,34 3 0 25,18 11 2 11 19 29 11 17 30 26,27 8 6 31 7
12 10,11,13 9,6 5 2 4 0 8
12 2 7 13 - - 4 17,20 - 17,18,14 8 19 0 16 - 5 3 11 15 8
13 14 - 4 10 8 6,7 0 16,13 10 -
9,9 2,3 - 28 - 0 8,10 30 27 21 22 19,22 31 18 7 24 29 11,13 26 6 25,14 -
8 16 24,22 5 23 20 13 2,3 26 - 11,6 27 21 18 0 5 30 28 10 15,7 14 15 29 16 20
6 8,9 - 16 14 22 12 21 23 17,18 20 15 - 2,3,4,5 - 11 10 1 0
33,31 25,26,23 29 17 10 20 28 2 11,12 16 4,6 14 21 13,30 3 5 9 0,1 22 8
40,41,35,36 30 18,19 6 1 4 12 19,21 34 8 29,31 17,10 33,43,29 45 25 34 - - 27 9 26 15 2 0 48,46 32 4 3 13
33 21,22 14 - 32 34 16 12 31 29 11 15 20 4 19 18 5 2,7 28 17 13 1,2 35 24,25 9 27
4 - - - 10 41,42 51 21 46 39 34 19 33 20 38 45 - 48,43 6 - 2 50 40 29,31 13 24,15 13 13 13 8,9 18 22 27,28 32 11,12 26 36 16,17 35
60,60 35,36,5,6 20,21 41,43,45 30,31 19 18,23 10 16 28 64 - 38 - 9,3 22 17,15 63 57,59 53 56 58 0 - 54 2,27 40 51 14 1 4,47 65,61
29,29 11 10 18 3 23 16 25 5 9,21 - 22 24 20 8 0,6 12 14 23 17 2 -
5,6 32,31 47 49 53 51,52 56,57,55 7 58 65 30 27 34 62 - 19 25,35,20 1,3,39 13 58 - 28 66,46,62 42,50 9 - 23 9,15 10 69 43 8 17 61 0,42 45 38 23 18,22 11 16,10 36 29 2
20,21 4,4 - 45 42 49,47 36 - - 10 46 35 41 26 7 50,53 0,1 27 5,6 52 29 24 18 8 44 32,31 33,37 28,30 34 - 41 11 12,14 22 40 47
5,6 2 12,14 17 18 10 4 19,15 4 11,3 8
- - 0 25 32 2 1,14 - 11 18,22 10,12 16 7 26 29,23 28 6 31 8
4,4 30 38 51 - 47 3 20 - 55 15 44 27 12 - 10 33,43,44 54 - 28 24 42 39 21 34,35 34 8,11 9 22 13 26 50 6 - 23 1 2 53 - 17 5,7 55 36 -
8,9,7,12,5 21 23 12,22,15 4,13 16 32 40 41,38,37,30,39 43 13 13 26 17 27 29 33 35 24,22 42 27 4 20 34 - - 19 0 17 14
- 15 17,14 11 4 7 28,29 20 22 23 - 14 16 - 18 19 24 10 0,1,2
25,26,27 34 20,22 38 33 - 48,46 43 5 18 43,45 19 2 - 16 11 - 35,43 10 15 5 31 13,22,23 3 8,4 44 7 17 35
- 8 17 19,21 5 4,13 10 2 20 8 - 7 10 20 18 6 13 11
3,4,4 10 11 12 8 13 0,2 6
- 5 12 2 14 9,10 0 11 1 4 7 15
11,14 14,6 24 29 20 3,5 42,44,45 12 - 17 - - 9 40,30 40 38 26 49 48 32 8 0 10 41 - 13 23 1 13 - 28 35 18 - 4
0 12 3 11 14 6 7 13,15 2
6 25 27 23 8 3 15 5 1 13 12 7 2 9,10 4 26 24 20 16 0
19,20 14 - 10 - 29 12,7 21 - - 26 11 27 25 23 22 1 28,30 4 15 17,2,20 17,3 1 5 22 8
11,23,25 - 34,31 3 9 10 - 30 26 14 - 2 20 5 32,33 21,22 12 0,1 17,18 - 16
0,1,2 - 6 4,5 3
12 14 5,4 31,31 29,23 8 36 - 1,3 19 27,28 - 26 11,13 42 - 33 38 2 7 32,24,30 20 25,6 10 9 35 16 18 40,30 37 15
- 1 13 11 11 15 24 20 8,7 9,4 22 14 23 19 17 1 5 10,6 3 10
16,14,15 6 11 8,9 1 0,2 7
34,33 31,30 14 2,3 21 17 8,9 11 20 - 25 - - 5 1 24,22 32 8 28 19 13 - - 21 29 26 18 16,12 10
9 17,17 0,1,2 4 18,20 11 12 21,22 7 10 14,15 13 3 19 - 6
11 8 0 - 5 3 25,21,22 4 - 14 18 13,15 9,12 17 19 24 20
8 20 - - - 12 22 32,34 6 - - 28 7 14 23 7 1 27 16 10,5 9 17,11 2 4 21 0,24 -
12,11 8 4 2 9 7 5,6 10 1
0 16,15 6 10 7 13 2 3 8 1 3 4,5 12 - 11,14
0,15 - 3,5 17 2 10,18 0,15 18 15 12 2 8,7 6
0,1 8,4,5 10 6 9
10 26 8 - 4 22 12 - - - - 15 - - - - 21 19 - 8,16 2 7 0 1 13 14 18 - 22
0,1 - - 12 28 13 3,4 15 2 18 22,23 26 18 20 10 9 17 5,6,7 25
4 13 1,7 12 16 8 2 - 14 4 10 0,5 17,18 3 2
17,18,19,20,21 33 2 27 30 10,12 11 6,7 26 16 3,5 34 31 23 9 0 1 24 28 13
15 10 8,9 6 14 1,2 4 - 0 3 7 11 - -
8 - 12 0 2 4 3 1 6 - 5
- 30 17 25 - 18,19 23 37,39 32 20,21 - 3 35,36 34 - 4 7 1 28 0,15 9,5 12 16,26 8 11 -
- 3,5 8,7 4 13 - 0 1 2 6 12,5
9 5 20 12 0 - 12,13 1,3 16 17 19 4,7 14 6 15 14
18,2 33,30 32 15 0,18 3,28 - 10 1 29 19 23 4,6 16,25,26 7 17,27 - 20,21 5 - 11,12 9
10,6 2 7 8 3 0 5 1
0,1 24 - - 22 22 12 10,13 7 21 8 2,3 19 25,23 16 9 15
15,15 2 4,4 5,7 22 0 17,13 16 10 1,3 20,21 - 19 11,12 24 -
15 0,1 6 - 9 5 9 2 4 8 13 2 2
2,3,5,6 40,39,37 26,25 11 - 10 19 23 - 0 18 9,19 - 33 8 16 28,30 30
2,3 10 11,12 7 0 4 7 6
1 10 16 7 0 5 2,6 12,14 8,11 13 15 3
0,1 6 17 13 27 16 - 9,27 3 7 - 23 5 11 21 18,15 22 2 14 25 10
3 16,12,14,15 25,27 32,29 32,31 1 24 17,21 10 26,28 22 8,4 - 8,11 13 20 19 28 -
5 0,1,5 21,17,59,20 33,34,35,31 48 54,55,51 49,52,46,47 59,60 43 27 29 - - 15 9,12 4 45 9,26 28 24 42 36 14 25 18 30 32 41,39 8 16 38 11
4 - - 35 32 - 12 9,10,3,4 20 - 15 18 36 25 5 23 13 27 - - 33 - 16,14 26 11 7 22
- 15,14 11 38 16,26 - 18 - 10 12 - 31 23 0,2,14 22 9 1 32,34 20 13 29 - 41 30 24 - 35,36 42,28 8 43 44 - 39
12 4 5 18 0,1 9,2 6 16 16 22 19 8 28 20 15 21,23 3 24,26 11 27,29 -
31 - 19 6 - 25 32,36 - 34 28 33 35 11 24,26 2,3 17 0 23 - 8 9,12 27 16
23,23 13,13 0,1,2 4,5 8,7 14 6 16,18 15 - 14 6 21 17 18 - 10
12 8,5,6 4 15 7 21 14 3 17,18 11 3 19 10 20
25 23 27 19 3 7 13 9 22 26 7 10 4 12 0,3 - 25 - 17,18 21 16 29,30 28 1,15 -
1,1 4,5,3 10 11 19 25 8 7 24 2 22 12,14 26,27 18 21 - 16,15 25
15 8,9 13 6 0,1 4 3 22 23 22 16,19 20 23 9,10,11 -
2,5 4 33 23 6 1 12 18 21 10 24,26 8 28 34,29 13 15 32,31 - 20 17,18
11 0,1 12 5 10,15 19 4 - 9 14 16 -
5,7,7 1,2 0 4 8,9
12 6 - 14 - 11,13 16 22 17 3,4 7 16 8 19 21 2 18
8 12 10 0 16,6 14 19,21 5 22,23 13 18 17 4 -
4,4 - - 0 - 10 1,7 6
25,25 15 27 5 - - 16,17 18 18 20 12,13 3 0,4 19 27 9 10 7 21 1
3,3 11 12 9 - 7 - 0 4,5 10 14
33 1,2,4 9,10,11 21,22 32 - 26 15 0 - 28 23 13,14 18 30 27 24,19 5 29
10,9 11,6 0 16 3 17,14 8 4 1 5 13
2 - 5 1 0 3
15 19 13 17 12 6 5 0 16 3 - 10 0,1 9 - 20
9,8 1 3 7 6 4 0
1,2 10,11,12 19,20 - 5 17 15 0 6 14 3 4
17,15 3,4,5,6 9 0 13,14 1 11
0,1,3 12 10 8 11 5 - 13,14 6 7
8 - 22,21 26,27 29,30,28 40,42,37,38,39 45 62,64 69 43,44 17 56,57 - 60 - 68,70 48 47 65,67 32,9,47 3 59 - 53,54 - 0 0 18 - 12,15 51 36 33,34 55 10 - 5 19,20 4 14 64 35 49 23 41
13,14,15 4,5 32,31 19 - 24 0 0,9,2,3 6 - 21 20
1 4 0 6 5 8 12 2,10 11 3 9
13 18 20 19 0,19,5 9 14,15 7 4 8 6 16 21,22 -
1 10 7 6 12 14 16 20 0 19,21 5 15 - 18,13 11
8,9,6 1 4 2 5 0
13 8 20 - 0,29 26 8 - 19 8,2,3,14,15 8,2,3,14,15 - 5 10 - - 23 9,11 17
26,26 0 17 8,3 9 4,7 15 16 25 2 13 6 10 14 19 24,22 20 - 12
3 0 9,4,7 1 - 2
7,5 18,12,18 14,14 3 16 8,9 1 13 15 4 11 10 2 - 17 0
- 1 24 3 18 44 32,31 29 4 16,19 11,14 12 0,44 25,15 6,7 6 - 2 30 8 42 27 46 - 43 43 40 38,39 10 13 1 5
14 17,18 2 12 8,9 8,7 4,13,15 10 9 3
- 4 6 0 1 5 2 3
- 2,3,4 63 25,27 49,51 66 24 60 36,38 31 44 69 16,14 45 70 - 57 - 43 59 64,61 - 52 56 - 21 67 33 50 - - 26 55 34 10 22 35 0 29 6 5 - 13 74 56 12 72 32 20 18 - - - - 19 - -
11 17,17 18 1 - 13,14 6 7 - - 19 4 0 2 23 12 16 21 24,20
50 45 42 24 4 48 51 32 - 21 - 33 30 20 44,21 34 35 43,46 8,7 47 36 14 - 40 - - - 3 6 17,23 22 -
20,22 23 33 9,10 11 26 32 4 - - 30 27 25,28 0 7 28 17,19 22,14 27 - 4 6 5 11 15 3
15 28,20 - 11 19 17 9 - - 27 18,28 13 23 16,25 24 26 0 1 10 4 2 21 16,29 -
4,2 14,14 16 9,5 8 13 0 11 - 12 6 - 1 18 17
10 - - 2 7 5 0 3 9
13 0,1 11 - 10 - 7 - 8,9 12 5 2 3 14
16,17 34 31 - - 25 28,29 - 39 - 9 10 0 10 26,30,23 - - 20 36 8 - 2 32 12,13 5 27 1 19 6,7 8 3,22 2 11
9 4 - 4 8 1 24,27 24 20 11 26 23 25,22 16 18 17 12,13 6 2 4
19,22 0,1,2 8 13 5 16 12,14 - 2 3 - 18 23 7 21 5 4 9,11
25 19 22 - 1 18 16 14 4,6 12 17,15 0,3 26,27 23 28 10
2 1 3,5,6,7 4
2 0 6 4 3
13,14,15 9 2 4 21 5 17 7 8 0 15 11 - 18
8,10 17,15 9 10 6 10 13 14 2 1 12 5
58,30 10,12 16 42 16 42 - 35 - 22 - 48 44 18,20 50 28,30 - 22 11,21 - 40 24 38 54 12 17 1 - 12 36,45 59 0,6 26 23 55 8,38 27 32
1,5 11 12 8,7 4 10 3 5,6
1 4,10,11,12,14 8,2 13 5 3 15 6 6
14 0,1 18 15 10,12 17 9 7 4
- - 22 27 3 9 25 16 - - 26 19,20 - 12 11 4,6 - 13 17 1 23 21 7 -
18 4 16 - 3 5 4 9,13 10 - 17,14 1 0 8,6 - -
0 - 6 - 1 3 4 0,5 2 8
5 1 2 16,19 8 10 18 11 12 9,6 14 7 7
5,6 11,13 18 16 8 - 12 10 23 20 21 14 22 1,2
1,2,4,33 6,6 5 13,15 28 - 22,23 33,34 31 25 12 7 19,20 16 7 - 9 26 21 5 30 - 18 32
9,3 5 8 10 7 12 4 1
5 0 6 24 3 2 11 14 26 8 15 18,21 10 18,12,13 22 - 20
15 - 6,7 13 1,2 - 12 17,18 3,4,5
5,6,29,46 17,18,19 35,35 52,35 36 2 - 63 45 33 50 - 53 48,46 27 29,31 41 43 39 2 1 64,61 13 - - 12 55 11,14 23 25,28 24 38 40 15 10 8 36 3,36 0 0 13 0 2 - 58 22 3,36 20 60 44
6,7 11 27 8 3 2 14 32 26,28 12 24 20 0,17 16 32,5 32 32,10,29 30 19 9 4,21,23 31 32
22 27,28 12,13 19 3 - 17 8 25 0 20,21 16 6 11 26 1 24,18 - 23 4 5,7 23
4,5,6 10,11 17,18 - - 25 - 21 24,26 12,13 1 20,7 16 23 - 2 9,19 7 0
8,7 10,11,13 16,15 - 25,27 - 18 5 38 6 26 33 37,39 36 19 0 24 21 34 2 3 31,23 1 29,22,37
10,11 0 - - 7 12 22 17,18 8,13 6 - 21 4 3 14,15 16 19
0 4 - 4 3
16,16 6,7 21 26,27 9,3 - 4 20 0,2 5 13 24,25 1 22,23 10
0,1,2 13 17 10 4 16 11,6 14 5 8
3,4 13 - 20 14 - 16,18,14 17 1,6 10 - 0 21 12 15 11 12 9
11 4 13,14 12 1 6 8,9 7 - 15
10 9 33,35,31 33,28,29,31 16,21,15 3,5,6 32 18 22 23 12 24 1 20 13,14 0 -
11,13 2 9 14 12 22 10 6 - 0 15 16,17 3 19 1 21 8 4
10,13 - 8 1 9 6 5 16,19 19 7 15 14 15 12 3 18 1,5
5,5 8 15 13 - - - 9 23 11,12 6 10 1 29 27 28 - 25 17 20 14 7 22 19 3 20
51,36,38 17 26,52 11,7 29 8 39 46 - 21 22 - 47 41 6 16 40 43 56 32 30 0 48 19 31 13 34,38 5 11 23 33 20 44 13 3 10 25 15
18,19 - 8,6 12 25 33 22 27,29 4 10 2 33 24 26 0,5 32 2 9,13 20 20 17 35
12 5,6 1,10,9 7 8 13 2 16,14 4
3,6,7 17,16 0 5 10 2 8 9 12,15 11 14
9 0 7 16 6 4 - 13 8 25 27 3 2 19,20 - 17 21,22 12 5
0,0 25 - 16 - 13,21 52 32 17,19 14 23 45 43 34 33,41 24 8 22 54 31 29 3 - 30,6 39 - 38 55 49 35,36 18 48 - 28 40 9,27 42 5 50 2
4 3 6 5 2 1 7 0
2 0 6 9 3,4 9 8 -
10,11 20,21 5,6 24 16 32,26 31 27 17 18 - 0 2,7 3 30 25 24 4 - 23
22 0 15 24 12 16 22 17 9 - 5,7 3 25 18 23 27 26
0 5 12 7 2 8 10 9 4 - -
8 - 0 4
9,10 8 12 15 0,13 14 2 17 1 14 3 6 7 18 -
1 13 2 16,14 3 12 9 17,21 0 12 16 19,20 4,5 10,11
8 15 3 12 13 - 1 4 9 2 0,16 0,19 - 11 -
- 14 20 27 1 - 28 21 23 10 26 16 11 6 5 13 22 9,12 2 18 17 16 3,6 -
12,14 17 10 15 9 13 11 8 6 4 5
25,27,27 8 40 - 34 41 42 29 - 24 31 4,7 43,38 36,38 45 12 22 17,15 37 21 33 18,19 1 14 30 39 11 9 44 - 6 32 2,3 26
33,34 4 20 27 14 17 29 16 - 5 2 9 8,6 3 11 18,21 7 32,30 28 35 19 24,25 22,23 12 0
3 16 13 17,18 - 12 2 19,20 7 8,9 6 11 15 5 0
- 11 5 20 22 30 2 15 - 18 - 26 27,28 27,29 3 10,13 9 21 16,15 17 18 7 5 0
0 4 3 1 7 6
14 15 10 3 8 4 16,18 0 - 1,2 17 9,5
5,7 6 9 7 10 4 - 2 14 17 12 8,11,6 18,19 1 10,15
21 26,21 48,49,47 8 42,43 12,13 9 44,5 15 - 40 25 18,19 50,51 28,29,30 38 45,46 23 20 33,3,37,6,17,35,31 1,10,11 7 4 2 0 41,39
9,10,8 13 7 5 12 2 11 1 4 0 13
2 5 8 1 4 3 -
9,10 - 14 5,6,4 12 - - 3 11 0,1,2 13
21,22,20 10,11 39 26 34 44 - 43 - 9 - 28 - 45 6 7 36,37,38,45 29 17 0 14 24,25 18,19 2 - -
0,1 10,14 5 3 8 - 12 - 4,6
1 - - 6 4 10,7 2 13 8,9 16 14 0 3,4
26,36,37,38 - 31 - - 14 5 0,2 4 27,29 15 - 20,21 11 22 18 33,34,38 1,3 1,3 13 23 12 7 39 9 8 17
47 - - 37 44 4 47 20 34,35 0 10 - 18,7 29 25,27,29 46,38 29 - 42 40 31 22 39 - 12 11 5 9 2 49 43,44
0,1 2,5 4 7 - - 11
6,8,9,15,17,18 16,7,15,6,23 19,20 24 0,2,3 12 1,11
2,4,5,8,9,10 18 27,29,22,31 0 15 - 12 19 24 11 27,22 - 13
2,2 9,7 3,4 5,6 - 8 1
4,15,4 15,4 6 12 10 - 11 9 7 2,13 8 -
5,3 11,10 12 0 15 14 - 9 1 2 7 - 13 17 8
11,9 12 13 6 7 - 8 2,3 5 4 14
10,11 8,7 16,14 2,4,5 13 - - 12 0
2 - - 1 10,4 5 13 10,4 18,15 20 - - 8 3,21 0 23 12,14 6 - 17 22
- 5 1 7 2,3 6 8
4 0 3,5 2
3 7 2 8 - 1 5 0 6
5 2,3 1 0
0 4 5,7 1,2 6
0,1
- 1 4 3
6,6 1 3,4 8,9 2 7
18 15 10,11 19 7 15 1 15 8 4,5 3 3 13
14,14 19,19 4 11 2 0,1,15 16 15 9 17 12 4
3,4 10,10 6 16,10 5 17,15 9,11 22 29 18,28 19 27 14 30 20 23 2 0,1 8
4,4 1 10 20 15 12 8 7 14 - 21,22 2,5 11 25 24 16,18
3,19 16,16 19,19 24,19 13,15 25,23 2 8 18,22 - 20,21 - - - 17 11 - - 10
12 2,3,4,5,6,7,8 17 30 28 34 16 - 27,37 33 23 - 27,37,14 13 23 11 32 32,36 22 19,20 18,15
4,5 17 10 - 1 6 23 15 14 7 11 - 19 24,21 8 12 17,5,13 9 22 -
8,10 3 13 4 5 6,7 - 20 0 17,15 2 13 9 -
8,10 20 26 14 3 15 24 5 12,4 9 5 8 18 6,7 0 16 23 2 18 14 19
1 6 14 26,28 - - 24 22 25 5,21 - 11
5,5 27,28 9 18,13 8 10,7 22 26 17 2 - 6 1 10,11 19 24 15
4,3 20 2 - - 17 - 13 11 16 15 2 12 18 - 19 1 8 6 5 10
8 13 5 11 1 9,14 0,2 6
10 19 14 0 3,4 1 - 9 7 16 2 17,20 13
16 - 3 13 6,7 - 5 15 - 10 22 17 12 - - 2 0,1,26 24
17 20 7 6 12 14 25 1 21 18 18 5 0 3 8,10 19 13,15 22 25,23 9
7 32,28 11 0 18 17 27 29 10 21 - 22 15 34 12 8,5 16 30,31
- 0 12 5,6 8,9 2 - 1 2 3 4 4 11
4 8,0,11,1 7 15 9 6 12 5 1 14 - 10
3,2 1 4 5
5 3 8 0 1 9,11 2 6
7 5 3 9 13 0 1 10 2 6 12
5 3 1 23 17 11 22 12 0 24 6 9 13,14 2 21 10 19 16 8,7 18,20
4 3 - 2 1 8 6 0 - -
7 8 3 4,6 9,10,11 0,1 5
- 5 4 1 2,3 8 0 9
4 6 9 1 11 2 0 2 8 10 13
20 24 25 13 1 4 7 16,14 12 8 0 15 17 0 28 - 10 3 21 - 26 27 6 - 9 29
0 6 7 4 - 3 8
8,6,7 13 16,17 1 3 10 4 - 0 12
3,4,5 0,4 57,61,55 - - - 62 - 60 29 27 66 52 38 26 7 - 32,58,63 65 8,43,45 - 62 21 17,19 10,12 66,63 18 61 33,46,47 59 53 49 40,51,20 50 28,30 16 35 - 13,21 60 34 42 3 15 37 54 41 -
4,5,6,7,2 8,9,9 10,12 0 1 15 11 13
13,13 - 33 - 21 - - - 27 32,30 15 17,7 19,22 24 9 25,29 18 11 5 1 31 6 4 26
16,14,15,12 0,6 2 10 11 8 5 4 - 1
8,9 4,5,7 1,2 15 - 19 18 16 13 11
9,10 13,14 17 28 - 5 27 4,6 1 3 31 2 26,30 24,25 18 - 21 29 20 22
1,2 11,12,13 - 17 31 30 3 19,22 27 5 6 10,15 21 14 18 32,29 6 4 9 26,28 23
5,6,3 9,10 29,30 22,23 25,26 35,36 33,31 2 8,19,28,21 - 0,14,15 - 16,20 -
21,20 16,13,14 12 10 2 19 22 25 4,6 11 23 3
32,1,2,31,4 24 - 22,23 - - 35 14 38 - 36 - 16 33 21 9,12 7 11 20 - 4 4 27,28 13 26 8
7 1,2 - - 24 - 22 10 26 8 11 27 14 23 - 0,4 19 9 10 -
8 15 10,12 19 2 7 17 1 22 11 16,13 21 21 24 9 -
12,14 11,13 - 0 8 4 6 9 10 - 7
36,37 23 24 7 3 33 - 13 17,34 - 35 17 29,22 27 0,9,11 - 0 16,9,2 21 18 9 8 1,12 32 14,15 - 9 5 30 6
55,7 54,55 - 62 - 34 31 - 55 - 14 11 53 38 - 0,2 30 42 8,10 17,18,29 38 50 32 64 51 39 35 45 13 - 65 37 6 27,23 12 - 15 20,15 27 25 26 56,52 9 14 43 40,46
1 4 6
19,15,15 10 17 0,1 18,19 14 2 16 16 4 13 8,7 12 9 - 5,6 3
6 4 0 7 1 1 - 3
5 9 8 1 7 2 6 3 4
3 5,5 6 10 1 12 2 9 0,12 8 - 12,7
7,7 10 4 12 1,2 3 12 11 - 5 - 4 0 13,14
1 5 4 6 2,3 7
5,6 0 12 8 2 5 10 7 3 -
9,10 1 11,13 5 6 12 2,4
1 2 0
2,4 6 7 1 3
6 1 12,13 17 9,7 2 14 11 22,23 27,28 18 4 24,26 19,21 5 15 25
21,23 20 29 13 - 7 48,46 32 18 0,2,21 3,4 26 40 22 10 1 35 - 15 14 45 36,38 34 37 9 28
1 3 - 10 7 18,19 5 9,12 11 4 22 8,6
28,29 9,19 4 6 5,7 25,22 21 24 16,18 17 2 15 0,1 12 11 26,30
1 - 4 11 - 13 10 8 7 - 2 5 -
16 13 14 7 8,0 6 - 10 3 11 - 4
3 2 5,7 6 - 1 0 0
5 3 - 9 0 - 5 8,10 - - 2 7 11,12
18 15 10,11 17 29,31 13 3 24 19,22 26,12 0 14 28 1 27 6 7 4 8,9 - - -
16,16 17 13 6 0 26 18 10,7 12 2 21 - 9 27,28 19,15
2 1 - 7 7 6,7 8 5
1 4 5
2 5 4,5 3 0,1
17 16,19 7 1 5 3,4 - 7 - 1 12 - 10,11 8,16,10,14,15
5 9 6 0,1,10,3 8 7 8 11 10,12
43 20 11 32,30,31 16,26 26 37 15 34 5,6 - 19 4 33,35 17 41,29 - 18 12 22 27 42 28
0,1 4,6 12 - 25 7 27 16 - 9,10,18 - 22 23 21 19 14,15 - 6
6 2 3 3 0
42 7 34 16,17 21 32 27 - - 15 - 39 32 35 25 10 - 40 24 14 28 2 23 37 10 1 8 43 13 20,5,6,31
29,28 2,3,4 - 22 12 14 0 18 9 15 13 13 25 17,12 10 - 27 - 1 23 6,7
2,3 7 20 30 11 4 26,27,7 17 25,28 13 23 21 9,18 0,5 - 16 14,15 6 -
11 21 8 23 23 20,14,15 - 27 18 16 28,30 5,6 24,26 25 0,1,2,3 7 12 29 13 - -
10 14 6 18 2 1 9 4 12,15 16,11 17
6,6 3 - 5 8,7 1 2 0
5,6 9,15 16,15 0,1,3 - - 8 7 - -
4,5 2 8,12 - 14 6 11 15 7 1 9,10 -
9,10 19,7 16,14 19,6 4 17 3 0 5 15 - 2,19 19,12,21 13
8 10 24,22,23 26 15 28 9 12 27 19,20 18 2 3 4 -
13,13 16,15,17 4 6 18,14 10,11,12 1 0 3 2
10 7 9 13 5 - 17,18 8 6 16 4 12 2 15
1 8,7,6 14,14 10 2 5 16,17,15 3 0 4 5 18,20 19 - 12 -
11 4,5 24,2 21,22 24,2 2 13 9 3 6,7 10 18 14 23 17 15 16,19
3,4 6 8,7 - 13 12 13 1
18,17 16 10 28 27 9 0,3 8 14 23 13 11 26 4,14 1,2 6,7
0,1 9,7 5 4 2 4
3 13,14 16,15 - 9 - 8 22 10,7 11 - - 1,5 - 22 12 21
0 3 24,23 5 7 11 13 10 4 1 20 16 22 6 8 18,14 - - 15 - 2
13,12 10,10 1,6 11 2,3,5 4 9 7 0 11 - -
25,25 18,14 12 20,21,14 28 30 33,31 3 36 - 11 16,17 37 8 9 5,6 23 35 27 0
4 0 13 2,6,7 12 11
40,40 - - 4 1 7 22 2 39 18 12 35 26 6 23 30 9,10 33,31 36 19 20 41,43 3 16 17 14 42 28
17,17 13 24,23,15 20 18 - 9 0 10 8,11 8,1,5 27 21 6,7 14 - 29,30 25,28 16
53,53 43,21 19,20 26 28 30 32 34 36 8,1,2,4 - - 49,52 6 - 59 17 9,10 - 46,47 - 38 57 58 11,12,15 55 13 - 14 44,45 16 39 0,4 0,41 -
3,4 8,15,7 12 16,17,18,18 0,1 11 - - 19,21 20 22 10 6
1 13 29 22 17 15 24 12 28 16 - 26,23 20 11 9 8 31 21 30 25 2,4
0,1 10,11 16,38 18,19 24,14,23 35 5 41 26,27 4,37 34 - - - 59 31 - 24,11,14 47 63 61 54 55 62 57 26,22 28 48 55 - 32 60 43,44 20 30 17 49 42,39 56 13 8 9,12,22 2 64 36
8,7 3,4 5,5 - - 31 33,34 27 - 20,22 26 32,29 31 14 21 16 13 9 11 28 12 18 25 0
2,3,4 6,7 21,21 24,25,26,22 32,31 17,15 29,30 - 8,28 16 10,12 9 1 14 19 5 35
3,3 28 36 18 22 26 - 27 33 - 24 14 20,21 23 15 40,38,39 17 11 16 9 2 5 1 8 - 41 25 13 7 12 32,34 - -
4 0,2 3 0,1
13,6 1 - 8 17 - 16,14 18 4 5 2,3
8 0,6 5 7 4 3 1
3 1 0 5,6 4
9,12 11,12 8 4,5 13,14 0 2 10 3
2 5 3 0 4,6
2 8 5 1 9 3 4,7 -
3 0 4 1 5 2
32,12,30 - 36 27 38 - 7 35 - 10 3,4 22 11 20 18 - 6 29 2 21 30,31 23 25 8 9 28 - 8 34
8,9 24 18 - - 26 22 14 11 27,28 5 - 3 20 0 2 - 6 13 23
- - 23 0 10,7 3 9 2 17 25 28 11,13 16,21 - 21 19 27 18
4 16 - 15 19 2 3 9,10 14 20 - - 0 6 15 18 22 11
15 1 13 - 16,18 2 5 14 9,7 17 6
15 22 25 - 16,9 3 23 10 5 19,13 4 24 7 - - - 20 19 8 14,6 1,2
4,5,6 2 12 18 8 11 13,7
- 17 5 12 2 10,15 12 - 4 9 1 - 8 7
5,6 10,9 2 19,20 18 27 20,23 1 25 - 17 - 12 0 3 8,4 7
4,5,7 14,15 20,21 18,19 - 23 27 11 26 29,30 24 28
17,15 29,30 28 6,7 30 10 43 25 41 18 20 - 40 - 34 42 45 - - 13,14 33,31 3 35 19,23 37 12 21 2
2 13 5 7 3 4 11 12 6 5 1 9,10
10,11 1,2 13 7 8 5,6 23 9 19 17 16,15
2 0 5 3
14 3 0 17 18 2 15 9 6 1 4 10,7 1 11,12
3,14,16 10 12 15,19 6 30,29 34 25,24 - - - 22 - 51 56 49 28 - 42 1 41 - 53 2 36,54 48,50,45 54 - 40 0 43 18 8,13 - 8,5 23 19 47
2,5 4 9 10 7 1 11 1
2,3,4,1 6,7 16 25 - 11 21 12 27 18,19 17 - 15 30 29 33,23 34 26 - 36 28 9 20 0 21
8,9,10 3 0 1 6 4 7 5 2
1 17 - 0 16,5,6 4 - 13 3 15 8,7 14 10 16,18
17,15 - 7 12 7 15 10 9 1 5 2 16,18 - -
2,3 40,41,39 57 6 44 68 56,58 20 34,35 8 57 64 46 10,11 24 30 22 50 31 37 29 12,14 43 13 51 60 25 23 33 21 65 18 38 16,15 - - 38 62 - 67 48,56,54 19 27 0,5 47
8,7,6 18,19,19 13 30 41,42 32 34,31 35 38 46 23 46 44 42 - 25 40,36 22 16 12 21 17 10 11 29 44 37 2,5 24 9 26,27 4 15 1 39
2,2 24,23 12 4,6 20 7 33,26,28 34,35 32 0,12,13 17 30,31 8 5 16 - 21,22 14 33,36 15
- - 13 5 4 10,7 21 22 - 14 0 6 19 24 - 17 - 5 9 8 1,3 23
1 21 9 20,22 24,23 5 8 12 - - 15 18,19 17 13 11
20 11,13 25 4,5,6 - 15 10 1 6,7 25 24 16,17,18 9 8 2
- 12 0 5 17 16 3 8 - 6 18,20 13 9 11
10 4,6 - 14 17 11,12 - 1 - 8 16 15 7
11,12,9 3,5 52,52 - - 50 48 46 - 28 37 - - 42,43 16,17,18 49 41 - 51,47 24 39 15 32 26 8 2,6 25 33,21 29,30 13 20
0 9,10,11 17,18,16 7 2 - - 28 - 27 25 20 29,31 12,15 - 23 - 31 14 5 8 22
10 14 3,4 8 0,1 12 14 11 20 5,6 18,19 16
9,8 5 - 12 21 16,15 - 7 13 25 11 26,28 11 14 0 1 24 3 4 24,20 23
16 - 4 - 30 27 21 - 26,29 29 37 36 32 31 35 0,5 25 9,6 19 8 13 12 17,19 33 2
14 17 1 5,4 - 0 18 8 7 15 10,6 3
0 20,20 17,18 - - - - 8 24 10 16 25,22 9,7 12 1 26 6 15 2,4 13
9,10 0,1 13 40,39,34 19 31 25,31 18,20 15 2 37 5 17 24 27,29 22,23 21 33 21
6,5 2,3,10 23 33 40 17 41,39 - 34,37 32,38 26 25 36 27 - 3 29 8 11 9 3 1 4 12,14 16,18 31 2
1 14 - - - 4 9 3 10,12 0 5,6 8 15 19,20 17
0 17,11,17 18,19,20 6 9 - 2 10,22 1 8 - - 12 - 4 7 13 20
- 15 - - 0,1,2,3,4 - 18 8 26,22 14 25 11 28 17,13 27 5 10 - 16 - 7 - 24 -
7 10 - - 1 0,9,6 0,9 - 11 3 4,5 12,13 -
7 0,4 - 12 2 - - - 10 6 11 13,15 16,18
0,1 8,7,8 9,13 12 4 3,6 11 2
21 29 16 27,28 0,22 24,18 23 15 1,2 9,7 19 - - 4 6
8,9,7 25 19 14 16 12 4,6 26,28 - 15 17 23 1 13
0,25,26,1 4,5 40,43,38,39 32,33,31 - - 27 46 - 7 8,10 16,24,19,22,23 11 36 9 34,37 - 44 20 18 28,29 13 3,14 - 30 2 17 42,43
0,1 13 - 31 32,34,29 28 43 41 2 36 44,46 39 37 25 43 9,10 16,14 - - 8,4 18 47 45 24 - 6 5 22 3
19,18 5,6 13 9,11 0 1 17 14 8 3
7 10,11,12 16,15 6 14 - 2 4 3 5 8
1,31 2,1 48 - 27 - 19 - 52 50 - - - 24,41 34,36 15 - 20 6 57,51 10 - 41 31 43 40,23 10 21 - 21 26 7 54 4,14 0 28 30 38 - 31 - 18 8 5 16 44
3 19,21 17 - - 10 12 14 - 2 20 - 5 15 16,18 0 8,6
- - - 26 19,20 0,34 32,31 16 3,11,4 6 33 15 28 12 35 25 24,21,22,23 13 35,37 7 18 2 27 1
3 35 - - - - 45 37 16 44 27,36,38 5 42 32 46 33 40,47 17 25 29 13,14 23 33,30 - 2 - 12 11 0 26 22 -
33,2 10,11 18,19 33 31 21 24,22 - 3 17 7 4 0 - 13 8,9 12,14 5
8,9 5,6,4 13 - 16 3 2 12 11 1 15 10 17 -
4,5,6 27,28 54 - 2 17 42 25 - - - - - 0 - - - 1 - 35,37 40,39 53 - - 17,22,23 10 - 33,34 7 47 57 36 43 - 12 18,20 - 32 14 10 19
11,12,13 0 3 9 5 10,14 1 7
6,7 15 26,26 - 8,2 12 27 20 4 10,13 19 0 30,31 25 21 23 25 28 9,18,17 29
1 8,7,9 13 15 17,19 16 0 10 11,6
6,7 12,13 18,20,20 16,15 - 27 22 17,11 0,2 9 27 28 19 26 10 3,4 25,11
12,13,14,15,16,17,18 21,22,23 6 9,10,8,7 - - 0 25 3 1,2 20 5 24
1,2,3,4,5,6,47 48 9 18,19,17 24 35 36 25,26 32,33,34 - 39 10 - - 29,31 30 8,16 - 21,15 49 48,34,28,38 - 49 21,13 42,43,44 - 11,12 - 40 41 0,7 40 22
13 17,18 27,25,26,19 19,11,7 2,2 1 4,5 24,23 22 16,12 3
1 3 9 17,18,19 35,36,37 33,34,28 26 2 5,13 31 22 30 15 11 21 24,23 27 7 13 6 16 25 29
19,20,21 35 10,18 8 33 19,11 27,30 32 25 29 14 37 3 0 4 34 36 13 16,17,26,15 32 24 1,5
6 9,7,10 29 51 - 26 50 23 41,23 48 37,39 5 20 13,14 27 31 34,36 52,46 22 18 15 21 41 30 10 32,1 33 - 12 16 42,45 0,3 44 40
- 32,22 6 35 25 - - 26 16 0,1 31 11,13 19 18 10 6 12 34 30 36 5 24 27
4 15,15 15,15 50 19 37,15 2,21,0 51 64 13 52 40,38 30 17 60 6 - 27 54 65 55 24,41 45 67,68 48 33,35 - 24,9,10 26 32,31 7 5,22 - 63 61 66 46 14 39 34 25 12
14,13 18,16 35,35 33 24 22 11 - 5 26 13 1 4,6 30 12,7 28 27 30 2,3 0 34 8
10,19 - 23 - 7 7 0,1 11,12,5 29 - 24,20 4,15 6 25 17 21 28 29 13 4 3
4 16,17 19 18,14 29 13 38 8,6 36,37 21 - 0,1 44 23 35,11 30 3,5 31 7 41,44 12 33 40 20 43 -
1,23 9,21 15 21 23 32,31,29 43 3 34 - 12 42,45 - - 20 8,20 - - 44 39 37 4,5 27 0,33 26 11 25 41 13 18,14 - 17 28 33,35
0 3,4,5 12,13 23 35,38 30 14 - - 26 10 15 21 7 1,19 39 28 - - 9 32,29 31 24,22 15 37
12 25 3 13 22 24,27 6 23 - 19 26 15 0,7 21 10,11 13 17
18 25 53 41,43,37 - 45 61 48 65 17,20 15 - 9 38 49 50 19 - - 66,69 42 73,70 52 56,34 63 72 54 35 40 0,1,2,3,4,28 7 60 57,42 29 23 16 36 24,27,30 32,22 62 68 12 - 11 46,47 62 6
0 13 - 18,20 - 21,23 2 3 8 4,5,6 13 17 22 10 - - -
4 13,14 22,22 26 44,43 - - - - 41 34 9 31 30 33 24,21,6 24 32 42 28 20 15 17 10 18,11 16 5 0,1 36 35 2 7
12 19,19 8,7 40,38 50,28 48,13 - 31 - 58 35 5 46,15 - 37 46 14 51 42,43 54 20 20 17,22 22,23 25 59 0 51 18 49,14 21 53,55 45 13 11,45 6 - 52 56,57 32,33 4
3,3 5,4 13,14 10 0,10 7 15 10 17 16 10 0 11,22 18 1
11 19 17,12 12 5 12 14 - 2 16 8,7 12 15 1
2,14 6,7 9 16,17,15 19,20,21,22 3 8 22 11 13 0,1 4 -
22,23,24,20 31,30 - 45 47 48,49,50 40,41 56,37 52 44 57,38 43 28 53 - 19 35 15 55 36 26 13,7 18 16 54 12 29 0,1 9 6 5 46 8 32,33
2 13 30 42,42 40,49,49 22,23 27,28,25 39 46 48 16,15 36 5 3 45 31 41 18 50,52 20 11,14 24,21 53,55 43 6 16,0 10 51 9 - -
1 3 10 18 57 31 - - 46 - 29 43,35 30 2 12 17 48 50 16,41,42,37,23 36 21 13,14 8 38 - - - 50,53 20 52 56 - 55 - 24 5 27 32,28 54
16,44,43,15 48,34 57,54 50,53 61 13,30 68 - - 57 - 51 64,65 - - 28 68 19 - 41,46 4 42 22 0 - 32 55 62 49,47 63 38 26,12 12 53 59 11 13 67 66 6 36,37 2,3,20 40 7 21 27,29
0,1 21,30 33,34,35,20,31 32,33,34 45,47 24 3 15 26,43,39 40,19 52,37 - 16,49,51 27 6,23 4 48 42 5 44 - 51 2 9 12 - 18,54 - - - 8,25,11,29,7
1 9,7 3 9 4 6 1
8,7 21 13 6 9 1 - 14 0 15 17 - - 2 - 10,11 5
10 7 16 5 - - - 4 0 11,15 - 1,3 15 2
34,7,8,14,23,24 13,54,12 52,7 18,26 54 49 35 33 5,21 3 37,39 28 43 36 45 6 50,19 22,6 2 38 - 48,43 - 16 27,30 25,18 59 0 4 4 - 58 57 9 47 55 29
13 7 23,25 6,6 4 3,5 - 18 2 10 20 - 0 16,10 20 21,22 -
15,13 0 9 12 14 1,11 - 4 2 3,7 5,6
1,4 22 - - 25 19 28 23 32 30,15 3 16,17,18 15 6 29 35 7 0 33 8,9,10 27 31 11,13 12 -
3 6 13 24 20 1 1 5 25 19 - 12 8 22 26
2 19,21 28,31 8 6 18 - 24,23 14,15 6 12 16 5 4 20 27 1 29,30 25 10,11
9 5 18,19 17 2 11 10 15 7 13 4 0 6
4 6 1 - - 23 - 17 20,14 14 16,18 - - 12 8 21 3 15 - 25 11 26 9 2 24
4,18 6,18 2,2 8 14 14 1 - 11 10
5 11 0 4 3 10 12 9
8,6,8 0,1 12,13 10 3 11 - 16 - 4 17
13 5,3 9,9 1 4 - 0 7 11 12 2 10 - - - -
7 9 22,23,20 19 5 15 17,13 17,13 0 29 28 4 30,31 17 14 18
9,28,48 58,50 36,36 44 48 16 40 - 43 - 31 - 5 18 37,38 8,10 21 4 22 17,13 50 39 53 34 7 2,3,52 51 42,45 0 32 59 27 19,20 41 - 12 26 50 49 15
3 16 0 9,20,21 2 4 6 13 19 12 18 - 14 17
0 15 6 9,4 2 - 7 16 - -
34 18,16 3,3 42 - - - - 8 - 36 27,28,29 24 37 40 12 32,11 25 15 14 43 41 10 17 20 24 30 39 7 4,29 9 23 26 6
5 12 1,2,4 9 - 26 18 - 13 10 26 6 19 - 28 23 32 33 35 11 34 26 30 15 8
29,31 5,6 32,34 - - - 16 25 31 7 15 34 27,30 8 27 12 35 1 4,14 24 15 21 9,11 19,20 22 36 2,4
3,2 21 30 13 14 22 23 16,20 16 27 10 29 18 26,31 6 8,4 1,12 32 7 25 - -
0,1 16,14 9 10 - 5 3 - 15 12 13 4 8 - 2 7
3 19,19 17,18 1 14 - 16 13,15 10 9 2 12 - 11 4 0 - -
1 7 16,13 - 17 - 3,5 0 10 11 6 4 2 - - -
1 15 12 4 - - 2 7 11 7 8,10
1 6,7 10 12 26,27 4 19 18 24,21 - 22 16 3,14 8,3 0 15 13 20 9 23 2 - -
1 6,7 13,14,15 21,22,40 32,33,30 38,39,40 27 26 17 16 29 24 18,11 10 0 - 43 4 2 - -
1 5 19,20 21,21 6 14,15 13,15 18 17,7 0 8,9 16 4 2 - - - -
9,10 17 19 15 12 - - 16,18 0,1,11 1 4 3 14 7 5
21,7 19,7 30,31,7 26,27 12 - 16,13 22 9 17,18 15 12 1,2 24,26 6 3
1 10 - 11 - 0 12 4 19 15 7 6 14 17 18 - -
1 4 13 15 27 20 26,21 9,7 28 12 25 23 - 0 19 14 3 10,5 16,17,18
1 6 8 12 11 15 23 28,28 - 25 - 20 30 32,31 29 - 13 21 18 0 16 5 27 4 22 -
1 19 8,9,10,6 15 11 3 17 12 0 14 4 5 18 13 - - -
0 7 11 29,30 - 6 19 9 25,22 5 16,18 24,20 3 10 3 13 4 26,28 20 14 21 15
6 - - 16 12 - 24,26,23 19 - 1,9,7 13,14,15,20,21,22 5 3 8 17 - 24,25,10,26
10,8 17,16,14 13 7 9 3 4 16 5 0,6 - 12 - -
9,8 1 0 5 2
6 - 10 17 - - 13 9 - 0 19 11 5 12,14 18 - 8 - 2,3 -
1 3 9 22 16,13 - - - 4,7 17 20 19 11,12 14 0 6 7 2 - 5 -
16,16 19,19 2 9,14 30,31 1 18 1 23 22 17 27,11 21 6 - - - - - 25 12,13 28,29 3,5,7 8,10
1 9,9 13 14 6 8 7 - 3 15 0 2 18 - - 10,11 14 9
16 19 9 13 33,18 28 30 26 8 25 5,6,7 35 15 11 39 38 14,39 23 3 4 20 21 0,1 24 36 31
0 13,11 - 23 18,19 - 8 12 4 2,6 10 20 24,25,26 16 - -
17,17 1 9,11,11 20 5 8 19 16,18 15 0,3 14 7 21 13 10 2
1 3 19,17 22 21 - - 18 11 10 9 6 14 - 16 15 0,11 4 16 14
1 9,9 11 3 0 - 10,14 13
8,16 10,18 - - 6 30 5 22 26 15 4,13 20,23 0,1 27 28 29 - -
18 20 16 0,5 15 8,10 13 3 1
2 19 8,9 3 21 23 24 22 - 16 7 13 1 17 12 20 15 25 25 0,4 - - 14 -
1 12 8,6 4 5 10,13 7 4
2 28 9,8 22,23 - 31 13 7 12 14,15 17 30 20 33 27 19 25 18 32 1 - 6 0,3 4 34,36 35 - -
28 42,40 23,21,22 - - 1 16 19 41 34 8 11,5 17 18,20 0,13 14 30 26 38 2 39 25 9 10 3,4 33 27,31 36 6,7 - 32
9 7 19,12 19,12 - 2,3 - - - 17 21,22,23 13 12 4 20,21,23 - 1 10 0 6 5
2 5 7 3,4 1 8 8 -
8 25,26 33 5 37 - 42 - 10 41 43 44 14 11 36 15 16,24,12 19 29 20,22 35 32,31 24 38,39 28 7 17 28 9 21 30 18 1,10,2 0,3 - -
10 13 14 11 2 6 18,15 3 4 8,5 17
11 13 20 - - 9 - - 4 20 19 18 8,16 6,7 15 17 2 - - -
11,9 13 40,11,38 25 15 - 30 4,22 - 18 10,39 4,22 42,43,7 37 0,24,5 16 29 33 8 10 6 - 14 36 4,23 31 30 4
7 14,14 8,5 10 6 - - 4 11 1,12,13 2
24,21,23 18 12 9 11 23 17 4 7 1 2,3 6 5 13,15 20
5 10 7 1 0 4 6 2,3 9 -
1 6 10,13 - 4 9 17 - 7 21 20 12 - 2 16 5 22 - 15
3,3 27 23,23 24,25 1,7 5 4 17 19 16 32 15 13 31 28 - 2 0,20 26 8 30 11 - -
11 13 16,14 1 3 2 9 6
1 11,6 - 10 2 8 14,15 7 12,13 - 9 -
0,1 0,9,8 3 12 13 15 6 7 25 - - - 26 32,27 22 24 34,36 31 33 12 23 4 35 20 - 29 14 28 16,18
16,17 24,23 20,22 5 13,14,14 - 8 4,6 21 30 29 21 27 3 19 21 0,1,9 31
27,28 24,25 16,17 8,5,6,7,9,3 11,10 12,13,14 2 20 21 9 22
6,7,5 15 8,10 0 2,4 1 12,14 -
0,1 3 10,11 18,19,20,21,16 30 43,44,41 33,10 8,6 28 32,31 39 24,25 26,27 29 36 40,37 7 9,23 5 15
3,4 8,7 15 9,6 12 13,14 11 2,5 1 0
0,1 3,4 6,7 9,10 -
28,29,30,24 26 8 3,4 7 19 12 12 15 27 16 17 2 14 9 12 11 23 2
2,3 1 7,6 9 10,11,12 5 1
27 24,23 31 18 3,11,12 22 15 11,3 8 33 28 14 37 35,30 19 23 36 23 30 25 32,34 31 4 31 20 21 -
8,29,7 20 12,13 29 0,1 25,26 17 10 4,6 11 - 22 24 3 19 6
11 - 10 7 1 3 0 - 12 5 2,4 13,14 9 - -
- 25 0 18 26 12,13 2 - 24 19,20 14 22 4 16 7 10 8,9
10 12,15 17 11 6 1 - - 7 4 3 21 14 0
0 5 6 0 - 14 - 9,18 15 10 17 8 4 13 - - 3 11
6 23 21 33 24,9 14 20 12 10 19 29 22 14 7 10,3 17,15 27,28 13 - 31 4 26 0,1
12,37,14 67 15 34 41 - - - 36 - 56 18,42 42 45 - 65 63 61 38 55 4 68 50 22 66 19 44 52 33 27,28 - 19,29 62 43 26 24 - 5 20 0 25 8 21 20 6 31 39 - 9,11 7 - 3,13 51 60
14 16 13 1 9,15 15 7 6 18 4 12 10
34,35 26,11 12 4 5 43 25,12 27 40 16 - 17 22 24,23 - 30 0 13 29 15 37 20 21 -
7 18 20,21 11 8 - - 12 17,19 12 0 4 - 5
8 0 2 5 9,6 1
4 0,7 2 0 6
25,11,23 21 30 43 35 22 37 - - 39 31 7 28,38 35 16 2,3 42 19,20 4 8 42 5 19,20 13 - 44 29 36
17,17 22,22 19,20,21,15 7 - 14 11 8,9 16 4 0 1,2 23 5 - 12
24,24 11 25 4 2 15 27 2 0,1 29 12 9,7 5,6 16,17 17,26 22 28 30 8 21
1 0
5 40,35,31 36,39 30 27,28 25,23 34 37 1 32,34 20 31 8,6 26 7 30 30 - 33 11 22 17 14 24 12,15 39 32
7 3 0,7 4,5 - 9 8,1 8 1
- 0 3 8 12 9 - 2 6 10,7 11 5
1 2 0 4
42 52,53,50 15,17 27 35 - 19 25,20,22 1 7 18 57 26,28 60,61 37 12 55 41 9,4 59 3 58 57 45,62 8 64 40,57 44 - 38 39 24 14 11 29,31 49
6 - 1,3 2 0 -
5 8,7 18 34,34 - 26 1 15 20 27 24,17 - 2,3 14 12 33 16 32 9 25 11 22 23 13 10 28 -
20,14,15 7,7 - 26 30 9 9,10 12 13 24,4,5 24 22 17 11 28 6 29,31 12 18,20 1 25 2
7 9,10 2 4,5 - 8 18 21 11 20 31 - 26 8 25,23 0,1 32,26,28 23 27 16 14 15 30 -
0 2,3 7,7 10,29 19 21 - 26,23 22 20 15 9,28 28 18,27 - 1 25 - 29 4 12 11,13 6 5 -
16 21,22 19 20,29,23 40,40 60 - - - 32 28 34 0,17 26 52 35 8,1 - 49 58 - 8,54 27,36 12 9 41,44 7 11 14 30 43 24 - 38 57 - 5 25 10,15 2 - 46
37 40 45 25,23 15 44,39 21 22 14 29 - 36 19,13,14 0,12 32 4 33 - 13 24 - 1 5,7 31 34 9,10 -
3 6 20 20 8 10 9 5 17 19 - - - - 1 13 14 1 15
12 1,11 8 9 - 9 5 0 6 - 2
4 6 10 17 - 9 12 3,5 20,22 29 2 14 8 18 18,19 2 25 1 30 7 27,23 26
5 12,13 16,15 23 25 40,41 43,44 - 49 - 28 32 48 46 18 24,22 11,14 42,39 34 47 2,4 29 19 10 21 17 35,30 8 1 38 3 6 9
21 2 13 19 9,3 1 - 28,30 6 3 18 4 24,22 25,27 8 - 16,22
6 16,17,14,15 18,19,20,54 28,29,26 43,44,45,46 51,52,54,39 34 50,53 40,39 35 49 32,31 9,10 12 3 37 25 0 7 - 1 22,23 4
2 23 29 32,33 12 13 23 20 24,21 0 - 18,28 - 8,1,6,7 3,5 26 31 19 14 16
4 13,15 5 1,9,7 10,12 9 8 3 6
11 19 14 6 0 9 17,18 12 3 1 8 16
28 - - 11 17 39 - - 2 36,37 17 30 17 7 21 10,13 5 33 - 1 15 20 34 - 3,4 6 9 38
11 52,54 66 44 59 34,35 58 1 41,42 49,51 18,19,53 29 27 12 65 64 37 29 56 4 26 21 6 22 29 5 3 48,47 61 8 42,39 38 29 14 68 46 32 33 - - - - -
4,5 14 20,7 24 11 9 - 10,13 1 21 6 23 17,19 2 16
2 16 - 5 9 1 22,23 - 6 3,4 18 18,14 20 8 21 13
7 9 6 5 0 4 2 1 3
12 11 2 1 3,5 7 9 13 - 8
7 8 13 15 11 17 10 14 0 5 3
11 3,13 - 4 15 - - 1 - 2 - 0 9 6 17
23 29 30 34,35 12 16,13 5,5 - - - 28 4 24 25,21 10 8,6 20 16,17,19 27 26,21 3 16,15 2
13 14 0 11 6 4 3 9,7 2 0
8,16,14 4,5,8 13 18,19 16,17 27,22,29 23 1 11 2 8 32,34 28,29 10 25 31 21 9,11
2 1,5 3 7 0
1,23 11,11 - 8 18 9,12 17 4 23 2 10 20,6 6 3 0 23 14,6 22
0,1 13,13 22 38,13 25 - - 43 37 35 27 8 26 6,7 49 10 42 34,5 20 40 - 39 21 36 31 2 18 11,14 30 24 29 23 47 32 12 17 -
0 4 0 2 1,3
0,1 9,7 6 14 5 11 12 10,13 -
12,15 8 11 8 17 8 - 0 8 10 8 1 12,14 6 30 19,4 11 25 - 25
22 23 7 20 - - 40,9,27 12 15 36 30 28 38 29 - 25,26,43,41,31 18 34 35 11,13 31 16 37 0 5 17 4 8 1 2,10 8
11 12 6 9 4,7 3 15 - 1 2 18,13 - 0 - -
11 8,2 21 4 6 12 - 0 3 20 - 13 5 1 10 18
5,3,4 7 1 2 2 9 4 0 8
8 9,11 - 14 5 6 12 10 16,15 - -
35 - - 39 32,36 34 - 9 22 - 20 38 26 23 6 29 21 18 - 10 25 13,37 31 5 19,21 11,15 - 7 14 41 - -
21,37 21 3,2,4 0 33 - - 12 15 - - - - 20,36 32,34 36 35 29 23 2 30 14 16,18 - 13 17 8 - 19 27 25 20 5 11 1,5 31 10 - - - 28
21 11 12 4,4 40 36,23 - 9 - 1 - - 3 29 - 36,23 - - 32,18 33,13,30 26 5,7 28 24 22 37 35,15 2 -
0 4 6 1 8 9 3
2,1 14 34,38 26 38 - 47 - - 25 15 36 21 10 28 19 33 41 8,18 15 4 12 17 6 44,45 0 23 - 25 - 42 1 7 -
3,4,5 33,30,39 16 17 - - 9 6 19,21,23 6 1,2 27 24 15 - 26 12
29,31 25 53 60 49 - 51,55 38 33 43 26 11 8 40,45 23 1,4 42 47 0,27 - - 22 45 22,7 19 56,58 35 37 54 41 34 28 59,61 9,21,14 - - - 17
17,18 3 13 4 10,12 23 8 20 0 21 24,25 7 9 6 19 15 22 16 -
- 11,14 - 50,52,53 49 32 - 24 - 13 45,47 6,7 - 26 36 29,30 18 - 40,41,39 - 17 35 20 33 10 8,1,4,41 42 41,50 12 25 44 43 -
5 22 24 50,60 37 8 - 42 44 9,7 40 40,33 31 45,30 49 48 0 28 20 40 35 3 26 38 40,33 16 44,46 29 4 12 17,18 10,14 6 2
6,7 11,12,13,14,15 9,10 32,32 - - 26 31 1,17 30 - - 28 23 19 4
30,30 - 22 5 23 7 26,28 24 9 18,19 25 - 17 27
7 8 56 49,67 34 47 70,71 69 - - 44 75 - 43 5 73 49 74 41 - 11 77 - - - 12 - 61 39 30 25 13 19 26 42 9 27 64 59 21,22 35,28 - 40,37 54 63 20 - 3 32 78 - 50 1 12 66 - 53 39 58 -
6,6 9 28 20,22 27 30 8 0 4 - 13 10 21 24 16 17,15 1 18,19
9,7 10,9,7 19,19 18,15 14 3 17 20,23 12 4,5 1 8 5 6 - 22 3 11 21
19 - - 4 22 17 14,6 6 2 16,15 3 11 8 0 8 -
2 18 26 7 - - - - - - 9,34,36,38 26 53 39 22 22,14 45 40 6 49,42,43,44 41 27,19 3 59,61 11 47 19 29 57 24 58 62,63 30 8 56 50 48 8 60 16 20 65,67 0,4 51 - - 52
2,5 0 4 5
1 2,3 0
49 61 - - 3,5 35 26 33 11 58 45 60,45,63 38 7 18 59 31 51 27 12 12 53 48,44,53,47 16,13 9 20 56,36 57 26 9 43 34 50 - 42 52 9 37 15 2
10 - - - 25 - - 14 6 27 22 15 9 30 8,13 11 24,32 0 36,37 4,7 35 17 3 16 1 2 18,19
11 8,2 20 4 6 12 24 0 26 22 16 3 14 - 13 5 1 10 18
0 7 5 3 2
- 0,2 0,2
1,2 0
3 0 1
32,33,34 36,39 20,12,14 19,20 9,11 23 16,17,15 26 24,22 31 2,4 1 - 38 30 35 5 3 28
29 24 27,29 20 - 8,1 29 4,6 25 16 18 16 5 9 11 23 14 0,3 19 -
2,3,1 0 9,7 6 5,13 - 4 1 15 8 11 10,12 16
17 11 15 14 10 18 5 16 9 4 8,5,7 2,3
10,11 18,20 - 0 13 4 12 - 16,9 4 5 15 19 17
9,4 34,36 22 - 15 33 4 17 32,30 19 7 4 35 12 20 31 11 0 24,21 2 18,19 8 1 - -
19 20,22 16 8 19 6 10 15 7 2 11,14 13 12 21 3 19
20,22 13,13 25 27 12,14 33,31 32 30 - 7 21 18 17,19 24 10 3,4 11 16 1 29 15 2 5 6 0 34,36
11,12,10 9 19,29 - - 21,23 14 16,13,15 2 18 20 6 10 24,26 4 25 3 8 5 28 22
8 16,13 30 - 36 48,50 11 24,25 51 54 6 47 53 49 55 52 40 45 2 45 21 35 51 7 36 27 12 23 36,19,20 36 33 - 34 41,43 38 10 1 13 22
55 - 46,47 51 56,57 23 14 38 44 4 18 - 49 7 32,33,34,35,36 41,45 - - 9 25,21,29 43,39 15 8 5 3 0,1 30 31 43 - 19 28 16 - 13 - 40 - 47 27 22 50 53 11 - 26
9,9 29 6,7 10 14 2 8 28 - 24,12 21,23 16,17 18,20 13 3 25,26,27 37 33,34 15 32 0,4,5 22 19 40 36 - - -
20,21,22 17,17 24,25 29 23 33 28,30 12 0,1 14 35 32 13 3 11 26,27 5 22 19
31 21 11 32 19 37 33,34 16,9 12 21 20 8 18,22 38 15 4 - - 36 7 13 3 6 24 - -
33 16 17,18 7 36 22 25 0,4,5 10 27 23 38 26,28 32,34 30 17,18 8,6 36 31 3 9,11 1 19
1,5 4,5 2 16 3 18 16 6 0 9,7 17 - 10,12 8 14
8,10,6 35,5 15 26 27,35 38 27,35 35,51 54 47 34 - 24,34,50 54 55 0,34,50 58 61 59 41,43 16,17,18,19,20 29 25 14 37 23 60 48 1 - 44,39 12 - 0 33,53 2 52
28,29 1,6 4,28,29,6 38,38 11,13 33,35 26 7 19,20,23 2 36 3 0 37 37 15 23 30 41,39 25 42,44 8,10 27 31 9 -
17,19,19 15 16 12 0,3 1 2 13 9 18 10 6
16,31 21,37 32 16,31 21,37 49 42 41 44,46 4 43 18,34 41 40 36,20 5 36,20 8,7 50,52 39 9 - 0,39 24 13 - 18 10 25
17 22 10 13,14 9 2 10 10 12 7 8 19 4 6 21 -
6 9,12 11,12 8 13 18 5,7 2,4 0 17
13 12 18 3 5 7 8 19 1 4 15 9 17
15 3,4 1 7 12,14 - 11 13 0,3 8 2
9 1 - - 12 17,22 3 29 15 20 22 0 28 19 30 7 14 5 31 10 24 27 - 25 16,13 21 4 6
10,15 13,15 - - 38 - - 18 32 46 28 27,29 36 50 6 41 42 - 40,44 3,7 12 24,23 11 49,12 17 20,21 34 43,39 15 26 35 - 19 14 25 30,31
8,5 17 13 - 2 0,1 19,20 7 15 4 21,22 16 18 11
2 0,1
- - 25,21 16 19 15 14 - 23 31 - 12 10 24 3 4 0 - 13 28 2 8
17,22 19,22 22 14 26 11,13 24,25,30 21,15 5 0,5 23 12 10 23 23 28 31 7 9 3 6 2
22 27 25 2 21 14 6 4 12 16 0 - - 19 9 10 13 - 11 8 20 23 3
1 2,4 24,25 24,35 24,41 43 18 16,20 13 26,21 46 38 7 37 - - 50 37 45 32,29 51,53 42,39 23 8,5 54 52 31 33 47 15 27,28 49 49 34 30 11,12 10 0 17 19
3,4 1 2 30,30 15 - 24 - 11 8 0,14 12 5,6 33,29 32 27 16,18 20 25 21 19 22
1,1 15 11 3 12 6 4 5 8,16 16 10 11 - 21 19,22 18
4 13,14 16,15 5,7 1 - 6 - 9 3 12 11 8
13,6 8 25 27 30 31 18,19 29 23 10 9,7 11 4,6 3 22 2 12 5 0 14,15 17,20 16
9,10,11 18,19 12 2,4 5,6 0 1 13,7 16 14 17
6 4 14,13,22,23 22,23 18,20 17 2 9,7 11 16 10 - - 1 8 4 - 5 12 19
3,4,5 17,16 - - 2 12 14 0,6 19,20 24 11 12 7 - 1 22 21 9,15 23
4 6 10 3 14 - 11 4,15 2 17,6 0,1 16 5 8,9 - 13
5,6,7 23 42,43 - 35 39 27 11 - - 25 29 - 36 - 17,15 26 22 28 28 33 30 - 3 9 10,12 14
3 4 - 14 17 27 32 27,19 12 24,23 30 1 28,20 31 0,6,7 11 13 28,21 34,35 36,38 33 10 11 37 15
8 - - - 56 40,42 - 53 46 3,29 13 - 35 34 - 52 - 2,14 36 33 55 - 24 54 48,47 4 31 16,5 37 14 11,15 49,50 - - 1 3 41 27 6,7,8,17,18,19 32,21,45 43 25
1 16 17 35 25 34,37 31 32,33 29 10 11 24,26 8 5 9,6 13 21,31 0 23 38,39 28 11 19 14,15 27
37 38 42 40 - 28 8 - 45 9 26 12,7 41 32 14 2 - 29 5 5 46 - 25 34 16,18 30,31 33 24 4 1,15 23 20,21 36
1 2 24 20 - - - 12 17 16 22 13 - 19 15 18,21 3 23 0 4 5 6 6 8,11,7
7 8 10 2 1 5 1 2 12 17,15 20 14
3 11 9 10,12 0 1 6 8,7 2
23 12 24 18 20 11,13 - 25 10 17 0,4 7 8,9 16,1
8 0 - 3 5,6 3 4 1 - 8
12,14 32,31,35 27 30 17 8,21 - 39 24 18,13 14 5 5 33,38 37 19,11 26 23 14 35 7 34 0,1 16 9,3 35 2 22 34
20,29 5 1,15 26 3 23 23 14 11,6 10 0,4 12 17 31 16,29 8 25 7 28 27 8 7
5,6,63 - 49 41,38 51,47 31 44 2 13 23 - 33 - 55 - - 7 - 26,27 28 48,56 39 14 21 - 61 22 12 43 57 22 53 58 50 - 52 4 32,30 16,23 8,1,19,24 36,37 11 -
14 7 18 16 22 8,10 0,15 4 - 9 13 - 5,6 1 -
37,39 38 1,2,4 11,12 18,17,19 25,24,33,26 - - 7 13 9 16,4 8 32 10,15 42 - 41 22 36 14 31 20,23 43 - 29
13,15 - 41,42 0,25,49 72,70,71 59 - - 44 20 - 40,43 63 11 18 53,55 64 32 24 16 57,61 24,46 68 52 69 65,66 48 24 33 39 1 37 60 36 17,6 25 19 8 12 14 10 27,21,22 26 62
10 1 0 7 6 5 3 8 2
29 30 18,20 8,23 4 - - 28 14 4 19 17 1 25 5 16,15 24,10,6 11,7 26 0
14 5 10 13 12 9 9 0,6 2 3
4 2 21 16,14 26 24 10 20 15 0,7 11,12 3 - 13 25 - 23
16,2,6 12,13 7 19,4 10 14,15 18 9 3 1 5
20 29 28 - 6 - 19 2 8,13 - 15 3 24 21 10,12 17 24 26 32 - 4,7
- - - 18 55 40,39 61 62 41 - 22 57 52 29 13 - - - - 16,1,27,46 42 35 24 20 23 47 49 - 60 53 59 50,54 48 36 44 11 28 8 36 38 16 23 4,6 33 46 32,31 56,54 2,3 0,26,45,15 17 17,9 7 -
1 9 13,15 4,5 21 14 0 19 8 16 18 3 7 23 3 22 12 6
1 - 7 - - 36 32,33,23,24,25,26,27,28,29,30,31 18 - - - 20,21,22 - 8,13 - 19 - 17,14 - 17 36,7 14 - 10,12 16 38 - 3 15 - - 4,6 0
16,1,15 5 7 6 10,12 23 - 8,13 20 24 19 - 0,1 4 22 23
6,6 4,7,8,9,12,13 0 11 3 5
9 0 10 15 3 4,14 8,6 - 16 12 16 11 13
26,28 17,18 25 28 32,34,5,7 16 29 12 19,21 38 35 13 37 40 8,35 20 18,22,14,23 15 36 34
14 58 44 17,15 55 - - 60,30 39 62 47 31 50 18,20 50 42 40,33,35 8,11 8 36 10 54 9 23 22 52 - 51 24 61 7 63 57 - 43 37 56 28 5,6 4 2,13,15
8,6 13 14 15 21 11 - 22,23 3 4 20 9,12 - 10 5 17 18,19 2
1 6 8 26 27 17 - - - - 9,10,11 15 2 25 28 - 13 3 24 12 18 19,20 - 29 - 0 4 5
3 - 8 11 10 1 2 6
2 24,24 12 18 21 20 - 13,31 38 41 26 46 23 25 - 36 8 - 32 37 25 6 38 11 25 1 30 35 16,17,14,15 34 4 10 - 5
17,17 11,11 13,12 5 3 1 0,2,14 16 10 6 7
11,9 13 3,5 - 4 0 15 - 17 1 2 16 8
4 3 6 5 8 - 0,1 22 21,23 16 13,14 10 9 17,15
12,12 14,13 8 4,5 15 1 - 17 2 11 - 18 -
14 3,3 15 6 7 2
7,6 11 3 15 3 - 24,22 12 21 5 19,20 13 - - 17
1 15 7 14 21 25,23 20 - 5 10,12 4 24 22 2,6 18 9 8,3,19 16
18 17 20 13 0 4 16 10 12 11 9 8 22 24,23 14 19,15 5
8,7 15 11,14 6 20 24,25 29 28 16 16,10 30 23 4 - 18,26 - 30 27 1,2 19 5
- 15 12 17 5 3 8,6 2 1 0 9 16,18 13,14 10 7
4 0,2 30 24 26,27 23 25,28 13 16 6 10,18 14 - 11 - 20,21,29 12 - -
14,14 17,15,17 5 9 13 4 - 13 10 18,20 7 8 0 6 3
14,13 10,12,12 5,5 24,22,24 3 0 20 9,7 - 23 6 17 19,21 1,2 18,15 11 16
17,18 16,15 - 13 1,2,6 9,7 35,36 - 31 28 21,23 19 29 26 37 11 32 24,27 0,20,21,7 31
10,11 3,4 26 30,31,29 - - 23 0 20 16 7 17 12 28 - 22 13,14 9 8 19 25
16,38 18,19,19 22,23,21,29 0,12,13 37,37 30,31 33,34 26,27 2 1 8,9,6 - - 58 36 49 44 57,55 48 - 58 5 37 32 53 35,47 24 54 51 17 - 36 0,3 - 29,7 45 -
35,7 37,10,36 42 47 53,54 2,3,4 - 14 24 - 45 - 27,12 16,15 20 57 - 1 32 41,52,22 31 34 - 28 21 18 29 8 26,21 9 50 40
2,2 8 - 12 5 9 9,5 4 - - 0 6,7 11 - 1
1 8 27 21 - - 11 12,15 14 3 18 26 0,4 13 23 29 16,19
9,9 28 25 - - 13,15 18 30 26 10,12 17 2 8,7 32,29,31 17 - 19,29 11 1 4 3,5 22
1 13 - 3 2 - 9,10 - 6,7 5 0 14 12
17,15 - 33 37 2 25 - - 39 19 28 40,41 29 38 35 27,22 34 24 20 36 10,13 9 8,7 44 32,31 29 45 - 5 12 14 -
28 36,35 38 17 12 19 23 10 18 30 25 - 24,22 5,6 33 26,29 9,7 13,15 37,39 27 21 34,31 4 11
31,30 32,34,35 - - 16,6 27,29 10 3,13 - 17 2 3,13 18,21,23 26 33 3,13 20 22 16,6 25 0 -
1,1 8,12,1 17,13,15 25 27,24 36,38 30 2,4 35 39 28 31 21 33 11 41 19 - 23 7 10 42,44
0 2,3,5 12 - 17 7 1 - 8 13 9,10 16 14,15
6,6 18,17 8 16 4,13,14 10 1 3 9 11
8,9 20,21,23,19 24,26,28 10,13 14 - 12 4 5 15 6 16,18
8,5,6 18 11 19 13 16 1 16 3 0 10 9 4
8,50 10,12,12 14,13 19,20 34,35,52,37 46,47 - - 25 33 56 54 5 11 49,7 9 23 16,17 51,38 28,30 22 24,26,27 5 44 42 - 2 3,6 53 57,55 0 41 - - -
4,3 12 7 - 19,28 14 8 10,11 16,25 0,5,13 17,26 25 2 26 18,27,31 23 - - 29,30 21 20 9 19
9,6,7,10 13 14 15 11,5 16,18 0,3 17
0,1,2 11,12,14 10 4,5 - 8 - 21 18 17 19,22 3 - 16
0,1 1,19,20,20 18 3,4 - 17 13 1,19,20 10 15 2 9
9,10,12 5 7 3,6 14 2 19,20 16,17 18 4
3,44 27,29,11 19 49,50,52 - 40,41,42 63 65 38 - - 22 13 35 16,17 - 21 56 15 11 - 5 23 60 57,55 53 4 18 1 64 36,39 - -
24,22 34 54 21 14 26 46 - - - 16 58 37 40,35 52,53 - 32,33 8,10 47 44,55 44 50,51 57 28 7 30 42 0,60,61 18 19 48 4 27 63 - 31 2 6 64,62 12
7 16,23 25 - - 3 31 41,42 1 6 4 27 36 15 44,13,14 35,37 26 20 44 40,38,39 9,12 32 22 18 29 33 19 10 11 30 34 - - - -
14,15,24 25,29 26 31 3 32,2 - 0 32,9 19 13 10 21 32 - 22 28 4 5
10,11 8,5,6 4 17 0 15 - 2 - 16 12,13 3
2,3,5 - - 18 21 - - 10,13 16,1 24 9 16 10 22 20 26 17,12 - 8 6
2,3 17,14,15 33 35 29 26 19 - - - 20 - 32,31 18,23 4 8 22 24 13 - - 7 27,30 10 25
14,7 0,1,3,19,20,22,8,18,23,4,15 12 - 5 13,6 24,9 10 25,10 25,10 24,9 10 8,23
5,6 2 10 0 7 3
1 0 4 5,7 3
4,6,6 9 1,1 3 8,7 0
6 8,7 0 2 3 4,5
23 5 - 20 0,9 26,21 11 6 25 17 6 3 2 24,22 11,14 -
12 4 16 0,15 5 7 3 11 14 9 18,19 8 15
20 26 3 13 - 25 21 11 8 - 9 10 0 23 18 22 - 4 2 12
8,9,11,7 15 19 16 4,5 0,17 6 3 0,20
3,4,6 19,18 1 0 - 7 8 8 13 11,14
2,12 4,5,7,8,13 15 9 1,11,13 14 15 9,10 -
1 8,7 16 18 12 - 21 - 0 3 20 22 5 14 6 - 10 4
32,33,2,3,5,35 30,23 - - 13 9,10 15 36,31 18 - 14 20,38 20,38 0 21 17,36 12 29,22 20,38 37 20,38
10,10 8 9,5 12 - 4 0 - 23 - 2 24 13 - 14 22 19 11 20 17
3,4,6 11 0 14 9 10 8,12 8,19 7 15 18
0,1,3,19,20,22 9,8 30 - 41 15 16 - - 38 43 14 46 46 50 33,34 24 47 36 29 7 18 12 16 23 27,31 - - 5 4 6 26 - -
1 10 12 0,2,2 20,21,23 26 - - 19 14 16 4 29 28 30,31 0,5 13 8 24 3
16,13 9,7 6 12 11 12 17,19 0 11
2,3,5 18 10,20,21 - - - - - 16,17 32 28,31 15 15 29 0,23 - 33 - 9 15 11 29,30 6 7 15 27
3,4,6,7 8 9 15 19 2,10 12 0,1 20,13 -
2,3 21 25 12,13,10,14 22 6 5 26,23 0,4 8 9 18 20 7 16 -
16 18 1,2 8 10 30,31 6 15 23 14 12 - 29 26,28 17 21,22 20 4,5
8 13,14 10 18,19 20,15 25 22 - - 6,7 26 0 3 - 5 24,29 16 21 4 27
6,7 9 8,4 0 2 13 11 3 12
18 - 9 7 - 17,20 5 0 11 15 1,2 4,6 8 3 21 16
2 3 6 1,5 4
31,37 26 20,36 23 22 24 - - - - 16 35,18,19 17 11,12 13,15 10 8 33 6 1 5 7 9 27,28
1 0,2 - 22 - 13 16 12 4 5 6 7 8,9 10 21 20
0,1,3 7 - 12 8 11 5 9,10
10,28 12,30 22 28 30 18,19,20 9,27 6 0,1 24,25 8,11,29 14,15 - 7 5 23
9 11 6,5,22,21 29 - - - 25 - 19 1 10 0,2 24 14 27,28 26 18,13 8 12 16 15
14,13 9,6 10,12 16,15 5 3 0,15
12 38 33 35,4 37 31 20,13 28 6 7 0,1 31 19 - 8,41,34 23 26,43,15 24,21
8 27 - - - 22,23 - 25,26 24 17 3,5 7 10,11,12,13 5 20 21 15 2
9 2 14,6 5 0 11,12 1,3 4 10 13 - 7 -
0 9,10 0,22 18 25 4 - 17 4 11,20 3 2 11,5 26 10,23 - 13 6
11 17,15,17 3,4,5 16 22 7 19 6 10,12 13 14 18,20 0,1 -
1,2,4 36,37,38 17,15 - - - 13,14 29,31 6 9 10 25 27 11,12 22 32,34 23 20 26,28 21 0,7
17,17 19,21 18 - 6 12,15 14 - 7 - -
9 17,14,15,13 1 8,7 6 11 2 0,2,3 12
0,1 2,3
16,4 16 10 12 - 6 - 7 20 3 11 2 13,14 19 18 0
2 0
7 3 4 0 2,5
- - - - 2 22 1 17,18,19,20 - 16 11 12 14 25 0,8 15 6 23 4 5 21 7 -
- 2 3 1 4
8 - 3 1 11 4,6 10 -
0,1 2 3 4
7 6 5 0 1 1,3
1,3 0
- 4 6 5 - 10 2 11 9 7 3 - 13
6,5 9 10,5,7 1 4 1
1 15 10 24,25 - 19 2,13,14 7 9 - 3 12 8 18 20,23 21
7 2 3 6
2 4 1 5,6
- 5 4 0
- 9 10,5,7 1 4 1
4 6 13 10 8 11 9,2 5 10,3 0 12 15
0 8 5 3 2 9 4
7,7 11 3 22 - 10 6 15 - 18 - 2 19 21 4 5 23 14
3 0 2
5 4 6 0 3
11 14 10,3,5 6 - 4 12 0 1 7 9 -
0
6,7,5 10 1 1 4 8,11,5
0,1 21 2,3 16 - 11 - 12 25 5 8 9,21 17 29 7 18,19 24 23 27 15
0 - 0 - 11 4,13 - 5,6 2 16 12 10 3 9,7 14 2
9 6,5 11,5,7 1 4 1
1,3 0
- 3 10 0 2,11 1 6,7 8 11,13,14 -
7 10 24 25 12 - 7 5 18 4 0 16 11 15 2,3 9 14 20
7 2 6
6 0 3 - 0 4 7 1 -
15 0,2 13 12,14 - 4 8 16 11 1 17 9
0
5 4 1 2,6
- - 25 - 22 20 18 29 33,30 17 14,15 36 32 27 0,1,2 4 12 10 34,36 - 6 13 28 23 8 -
9 19,20,184,18,68,173 1,3,5,6 25,26 84,85,86 98,99 164,165 - - 188 148 136,134 83 126 40,49,57,39 172,68,173 170 58 159 107,174 65 123 57,59 90,114,93 90,114,93,117 81 79 195 109 62 - - - - 31 106 145,106 169 106,175 - 87 180 186 74,69 - 64 151 177 153 154 144 160,161 196,197 0,11,141,114,90,93 66 132 40,57,68,39 95 35,37 44 29 138 194 120,118 162,166 105 122 16,28 105,115 48,67,51 56,53 - - 46 - - 168 155,156,157 172,68,173 48,50,51 - 128 110 65 17 107 58,47 65 65 131 149 15 183 - - 130,139 144,102 32,34 30 100 99,101 76,77 60 71 - 189,191 97 103 163 72 55 125 108 184,187 182 11,12,93,141 54 21,22 - 8 -
4 18,20 24,12,13 24,25,12 51,13 - 68 - 37 30 27,38 43,44 15 28 - 70 58 45 46 71 35 56 - - 62 61 - 59 50 65 54 64,67 - 48 63 46 21 49 72,73 41 31 9 39 3 33 - - 53 1 8 0 16 7
2 30,37,46,29 52,53,69,63 37,30,45 66,67,68,69,63 13,14 27 - 40,38 48,12 60,55 32 - 35 17 57 63 37 62 34 23 59 44 15 26 21,22 65 28 33,11,5,47 - 1 - 59,61 - 0,8,42 26 49 7 4 6 42 8 58
42 21 13 - 24 15 28 25 - 16,12 41 32 40 3 33 27 32 7 31 8,10 - - 17,18 2 6 23 4 35 0 -
2 17,18,13 9 98,102 42,43 26,102 2 102,118,117 128,130 69 47 - 81 125 125 82,119 96,27,93,46 76 23 22 1 5 4 82,115,119 75 38 123 0,123,109 76 32 14 107 85 73 48 113 41 68 30 114 90,20,54 10 0,123,109 85,63 105 129 34 2 86 61,86 82 88,65,82,59 6 15 32 40 35 64,84 31 112 84 111 29 3 50,52 1 106,110 49 - 121 99 57,81 21,78 127 116,101 67,101,8,45,25,92 90,20 87 62,87 8,25,67,45,55 101 101 55 104 80,37 80,71 83,60 80 83 124 126 - 90,20 58 8 -
3,4 16,18 - 2 7 - 20 22 - 21 15 12 9,10
- 5 8,2,6 14 11 - - 13 0 5 9,12 8 10 14
8,10 2 5 15 13 17 14 - 3 7 0 12
20,21 14 - - - - 0 5 10,12 8 9 5 7 11 19 3 17 22 6 18 15 2
7 10 10 - 5 3 0 2
18 - 13 7 14 6 1 - 9 4 12 3 5 10 - 0 17 15
4 17,18 13 24 - - - 16 15 11,14 22 1 21 2 7 5 20 19 25 23 0
9,7 18 17 3 16 5 - 8 2 0
6 25 8 20 1 - 30,31 - - 21 9,11 3,7 5 16,18 27 23 17 29 26 14 2 15 22 -
1,2 0
0 0 2 1 4,7 3 8 5
8,7 9 11 0 17 3 - 20 12 22 5 16 14,15 4 - 18,19
0 4 8,9 7 9 - 2 -
0
0 3 2
3,6,7 14 13 5 9 0 12 10 8 11
2 - 0 - 3 6 4 6
12 19 14 13 5 18 - - 9 - 0 3,6,7 10 8 20 22 16 11 18 22
7 12 1,2,3 6 10 5 16 0 - - 9 -
14,15,13 18,20 8,10 6 4,5 - 11,12 1 0 7 22 2 19
7 2 6
7 2 6
12 3 10 6 - 4 8,5,7 0 1 - 9 -
9,6,7 12 0 2 10 3,4,5
8,9,10 13 12 4 1 0 11 5,7 3 14
0,1 5,6 8 13 11 - 10 3
12 21 7 - 22 11 22 23 18 8,4 6 33 27,29 3 2 0 13 15 32 1 16 16 9 24,26 - -
10 12 7 - 0,1 23 6 24 6 8,13 15 20 19 23 17,22 5 24
8,2,4,6,1 11,12 13 0
0,1,3,4,32,7,23 50,51,52,53 55 32,43,44,45,47 38 66 - 67 58 82 64 63 80 74 14 9 77 - 32 33 16,15 36 85 40 63 32,23 24,33 61,69 - 26 75 - 10 83,78 34 42 28 82 29 6 12 39 18 7 59 35 81
19 38 - 59,60 58 57 17,15 11 6 13 - 36 26,28 - 27 10 16 - 14 - 25 41,42,43,44,45,46,47,48,49,50,51,54,55,56 24 30 33 5 - 0 - 23 22 - - 20 35 39 - 32 - 33 3 7 1 40,53 2
0 1 2 4
0 2 1 -
0 13 15 12 6 16 - 10 7 - 4 5 11
26,25 - 12 - 8 32,17 19 31 28 16 - 5 6 4 18 24 1 29 11 0 31 9,15 - 0 20,21 2
7 9,10,11,12,8 17,18 6 1 19,15 4 14 14
37,38 36 33 13 47 42,43 8,10 3 18 9 21,29 - 0 40,41 2 46 35 44,47 - 39 - 7 25,31 21,29 14 27,23 27,23 5 - 1 -
5,5 9,6 8 4 7 6 0 3
9 19,21 1 3 19 - 23 18 14 16 16,22 24,25 10 13 11 14,7 6 15
8,9,7 26 18,21,15 25,27 12,14 0 5,23 5,6 28 17,5 24 2 11 4 1
5 10 12 - 8,11 3 7 14 15
0,1,5 7,6 12 - 18,21 30 38,39 41 - 43 28,11,20 - 25 - 40 - 26 - 24,18 36 4 18,22 32 33 18,37 4 16,17 34 29 45 44 -
2 - 17 19 - 10 30 - - 24,25 4,5 31 13 16,18 0 22 14 3 - 9 11 7 26
0 1 2 3,5
- 0 3 5 2 1 6
4,5,3 9,17,13,15 8 19 23 19 22 0 - 0 1 6,7 20 -
14 27,21 0 13 16 3 - 15 5 18,19 6 17 23 2 20 10 28,30
20 23 12 16 - 0,2 21 18 10 4 8 6 10 15 18 - 1 8 5 9 11,13
5 4 1 2,6
- 25 - 29 20 18 22 33,30 17 14,15 36 32 27 0,1,2 4 12 10 34,36 - 6 13 28 23 8 - -
9 19,20,18 3,11,5,6 12 17 21,22 8 16 15 - 0
1,2 33,35 22 - 32 - 8,10 6 36 20 - 34 - - 31 26,27 25,30 16 19,23 4,29 7 5 11,13 24
10 11 - - 6,7 9 3 2 4 0 12 -
9,10,11 12 8 13,15 4 1,2 6
5,6 12 29,22 7 - 14 10 32,21 17 15 30 13 33 4 25,27 - 16 9 2 0,24,21
8,6 0 10 3 11 4 - -
24,23 18 - 4 7 12 13 27 10 19,20 - 8 3 - 28 25,21 29 16,14,15 22
10 0,1 3 24,25 11 - 16 2 5,6 12,15 23 8 22 17,19
4 9 3 1 5 8 0 7
9,7 1,2 1,13,14 19 17 16,28 - - - 25 27 21 10 29 23 4 - 5
2,3 5 5 4 0
3 2 5 - - - - 14 - - 23 22 15 16,19 0 - 11 17 8,20 13 1 10 24,25 6
2 5 1 - 0,8 7 4 6
19,27,20 3,4 - 2 25 27 24 13 16 11,12 - 18 17 7 28,30 - - 16 22
11,27,21 3,4,21 24,25,27,21 15 26 21 10 23 2 17,20 - 16 - 0 19 7 - 13 18
3 7 - - 2 6 4 7 0 8,10
30 16 - 12 3 13 19 29 - 20 15 - 21 28 - 9 - 5,6 0,4 11 23 1
- 17,18,10,13 9 2 14 - 21 6 20 15 23 1 8 22 - 5 4 0 3
7 1 17,18 6 12 5 15 10 0 - 9 4 16 13
- - 20,14 17 13 2 5,7 0,10 4 12 3 19 15 16 18
2 4 17 21,15 20 1 19 0 8 - 16 6 14 9 13 9 11 - 18
8,12 0 16 15 11 - 2,11 9 17 14
19,21 - 8,9 14 - 18 16 15 17 16 3 1 7 20 - 4 2 10 12 5 10,6 0
3,4 16,18 - 2 7 - 20 22 - 21 15 12 9,10 -
- 8,2 5 9,14 - 11 - 10 13 0 5,6 12 8 8 9,14
8,10 2 5 15 13 17 14 - 3 7 0 12
20,21 17 14 - - - 0 5 10,12 8 9 5 7 11 19 3 - 22 6 18 2
7 10 10 - 5 3 0 2
18 - 13 7 14 6 1 - 9 4 12 3 5 10 - 0 17 15
4 17,18 13 24 - - - - - 16 15 11,14 22 1 21 2 7 5 20 19 25 23 0
9,7 18 17 3 8 5 - 16 2 0
6 3,7 5 16,18 17 8 1 14 2 15 12 9,11
1 10,11 - 5 3 9 6 0 2
1,2 0
1,1 0 0
3,4,5 9 8 5 8 7 2 0 11 12 6
5,6 2 2 12,13 - 30 27,21 43,45 - 16,10 24 22 35 40 9,25 1 34 17,19 - - 41 4 7 38 36 - -
2,3 12,13 14,15 4,5 1 10,11 8,9,7 -
10 9 0 8,11 7 3 0 2 6
9,13,6,7 0 - 5 2 12
3 - 8,7 5 10 4 1 11,12 6 -
5 0 - - 18 - - - - - 16,9 8 24 15 17 3 20 10 11 12,13,14 2 -
6,7 1 9 19 28,4,31 19,14 - 14 21 20 23 2 22 5 15 12 0 8,17,18 -
8,10,6,7 3 30 26,19,21,23 16 15 2 5 0 22 14 18 27 - -
18,20 8,7,7 0 13 6 16 9 8 11 12 17 9
2,4 3
1,2 9 5 3 8 6 7 9 - - -
1 0
8 16,17,19 22,23 9 24 2,7 3 11 10 13 4,5 24
8 - 10 - 19 31 12 17,15 32,4 21 0 27 0 1 18 30 25,22,23 13 28 14 33 7
19,20 3 4 15 6 2 9 10 - 13 17 0 18 -
6,6 10 2 21 17 9 5 7 14 - - 1 - 20 3 4 22 18 13
9 17 15 15 11 - - 2 8 3 12 7 1 4 13,7
1 15 2,14,6,13 7 9 3 12 8 10,5
0 3 2,5 1 6,7
1 3,5 6
2 - 6 3 7 -
- - 3 2
6,6 2,3 5 14 10 8 - 12 15 1 13 11
9 2 - 12 19 20,23 7 - 11 9,3 19,14 8 15 - 17 0 7 16 22 -
22 21 20 - 18 4 17 - - 8,7 - - 9 1 0,2 24 6 14 15
25,19 - 15 24,26 2 - 11 27,21,14 20 10 - 23 9 28 22 12 - 30 1 0 3 21
8 6 5 10 11 4 - 9,2 0 13 10,3 12
2 0
14 - 13 8 11 - 4 1 16 15 9 5,6 2 17 -
3,5,5 2 10,6 1 7 4 4 9
10,5 9 7,7 - 8 4 12 14 6 0
5,6,7 11,12,10 14,15 17,18 19,21,21 - 27 - 26,28 23 9 20 24,1,3 25
5,5 2 10,6 15 23 29 21 - 34 2 27 3 15 9 32 0 7 19 12 24 25,35
0,1 9,10 14,12,15 19,20,16 22,23 25,26 8 5 18 3 7
0,3 15 16 16 5 18 17 - 11,12 14 7 6 19
0,1,2,3 12,10,13 24,25 36 34,21,7 33,30 36 17,18,19,20 22 40,41,38 23 34,37 15 9,7 28 5 6 32 - 29 16
3 22,21 0 20 9 - 16,12 8,10 14 4 15 18 7 11 17 6
10 17,14,15 19,20,21,22,23,18 4 5 7 13 - 11 5 3 8
10,12,13 9 - 4 0,1 3 14 6 5,7 2
25,24 19 3 15 2 24,5,6,7 4 - 22 17 14 1 23 10 13 8 - 12,15
1 10 9 4 9 - 7 12 7 0 3
2 11,12,13 8 1,44,15,16,17,18,19,53,23,47 25,22 25 - 4 30 31 0,35,3 37,6 31 21 34,27 10 49 29 5 40,43,52 42 41 32 54 50,51 35 45 39 7 48 24 - -
8 4 3 1 5 0
4 9 0 7 - 11 8 17 14 1 2,5 18
32,33,29 28,30 27 19 9 - 43 40,41 15 45 46 20,23 - 18,6 - 31 47 8,10 - - 12,37 13 5 22 24 -
5 2 3 1
2,3 20,21,22 26 15 15 30 5 1 16,10 23 8,4 13 33,30 6 - 32 - -
3 5 7 - 9 11 0 -
4 25,22,22 - 16 - - - 18 19 12 14 26,27 24,21 8,10 1 9 13 2,5 6 24 28 7 0 15
2 24,10 20 25,11 - - 6 22 17,18 13 15 9,23 16 - 8,21 - 0,4
16,13,16 18 - 30 39 46 51 42,38 6 15 - 1 28 24 36 44 43,47 33 34,37 29,31 25 12,4 41 17,21 11 48 20 26 9 49 - 15 52 7 2 8,10 36 23
37,38 36 33 13 46 47 14 42,43 8,10 3 9 21,29 - 0 40,41 2 35 44,47 - 39 - 7 25,31 1 21,29 27,23 18 27,23 5 - -
0 - 8,6 5 1 7 3
- 0 - 2
12 24,25,26,22,23,20 33,34,35,36 42 58 46 10 49 44 40,38 16 53,54 - - 40 - - - 48 30 59 - 18 - 2,3 - 41 9 57 4 7 - - 31 39 - 5 0 29 56 51
1,2,3,4 21,22 32,36 55 74 58 72,70 71 - 56 34 75 78 69 42,45 - 28,29 68 64,63 60 42 36 41 43 47 51,45 44 65 37,38 42 26 10,6 9 24,28 50 62 52 - 39 26 14 48 11,12 7 18 - 0
14 16,17,18,15 20,21,22,23 26 39,37 - - - - - 8 40,41 32 28 34 14 33 - 48 - 43 36 11,7 6 10 2 25,4 14 47 0 30 31
1 3,4,5,6,2 16,14,15 18,19,20,21 36 29,28 42 26 31 - - - 13 12 - 17,13 11 37 37 9 0 26 8 40 7 24 - 27 10 22,23 26
3 16,13 4,6 11 - 19 8 12 1 0 16,15 17,18 5 10
1 3,4 0
0,1,3
4 19 15 2,7 - 0 1 6 - 18 12,13 17 10,11 20,15 9
37,38 36 33 - 55 50 13 46 56 47 66 58,60 72 52 7 57 18 42,43 8,10 3 59 51 69 70 - 0 40,41 2 21,29 68 35 21,29 44,47 - 39 - 27,23 25 52 14 64 27,23 9 5 - 1
3 1 0 - 2 6,7 4,5
4 1,3 5 0 7
3 3 8 7
12,13,14 25,26 - 24,27 19 9 11 16,17 - - 21 28 10 20 4 5 7 8 26 29
2 11,19 15 19 8 3 6 18 - 16 4 - 9 0 1 14 - - 5
5 12,14 11 4 10 - 15 16 13 1,6 0
6 10,10 - 14,7 3 17 - 4,5 - 1 13 15 - 11,12 2 8 16
8 24,6 - 39 11 42 1,29 43,45 19 3 26,27 34 35 16 31 37 - 23 15 40 30 0 18 38 20,21 4 - 14 2 12 32,35 9,10 5
0 24,6 18,17 33 49 54 34 40,41 45 26,28,46 - - 35 10,53 16 47 20 51,43,52 4,5,23 - 9,7 14 38 36,39 1,3 - - 13 -
4,5,3 27 20 28 21 24,17,14 15 33 29 18,22 2 9,12 8 11 - 31 34 30 1
3 11,12,13,9 16 15 4 2 5,6 - 8,7
29 32 8,6,7 11,12,13 16 - 34,35 - 18 - 23 9,4 17,19 1,3 34,35 - 15 30 24 36 0 33 21 33 -
2,3 24,27,28 26,27,28 4 0 18 - - 19,21 16 13 11 25,22 6 17,15 14 - 9,7 8 -
11,10 13 32 0 3 17,27 34,31 - 30 9 8 25 29 7 14 21,22 15 - 16 26 19 24 20 - -
8,4,6,7 10 16,17 - 1 18 21,14 13 12 0,9 20
1,2,3 14,15,12 17 20 27,29,30,31,25 34,35 38 5 24 18,22 22 - 0 - 11 6
1 8 9 15 12 6 2 5 - 11 16,13
15 17,16 20 - 24,23 1,2,3 - - 21 - 10 0 - - - 22 25 - - 26 19 14 - 7 - 5 27 - - - 8,11 12 6 32,33,34,35,36,37,38,39,29,30,31
16,17,14 19 21 8 5 18,20 0 4 12 4 11 1,18 13 10
17 9,1 9,4 15 7 6 15 0 2,11,13 9 10 24,22 19 21 12 14 18
3,5,6,7 12,14 24 26,27 25,23 14 19 0 21 17,18 22 13 1 9,10 16
3,4,2 32,33,31 36,37,38 - 6 23 17,29 34 1 14,15 13 25 28 - 21 20 5,7 - 26,27
5 12,10 17 20 3 19 21 4,6 2 13,14,15 9 1 - 18 16
3,13 11,7,6 25,26,23 34,32 16 - - 27,28 - 1 2,5 - 22 31 14 30 18
16 18,20 4 19 7 - 24 12 26 25 0,5 9,10 3 8 11 26 14,15 2
37,6 4 27,26 37 56 62 19 30 - - 68 63 53 8,16 31 44 49,46 23 22 68 0,1,36,64 59,54 8,3 51,39 52 - 69 48 35 3 32,28 - 41 18 63 42,45 7 58 - 13,14,15 68 10 25 11,12 21
1 11,13 14,16,12 7 3 8 10 5 2 16
0,10,15 0,10,20,15 0,10,15 8,7 16,21 5,6 - 12 17 22 23 4 19 2 11,13 1 - 18 3 -
1 14 0,5 3 - 9 8 10 - 4,7 12
0 2 6 4 3
12,13 34,6 - 19 33 33,39 46 5 45 - 44,38,31 - 27 15 16,17 42 - 28 9,2 29 29 20 8 - - 10 25,11,23 18 14 -
7 16,15 22,23,21 10,12 21 6 - 1 8 4 5 2
20,18 17,14 13 9 0,4 8,1 12 11 0 2,3 0,4
9 21,22 25 - 34 20,23 13,14 33,31 17 0 19 10,7 16 5,6 2 24,26 29 4 - 11,12 1 32 30
2,6 5 13,11 16,17 0 19 10 8,20 19 - 21 9
2 20,21 8 - - 14 9,10 - - 6 18 11 12 3 - 16 15 7 0,4
16,15 17,4 10 11 21 24,23 8 5 22 18 7 13 0 19 2 12
3,29 11,9 17,16 27 24 - 5 23 13 20 15 2,6 0 30 - 19 20 1 25
1 - 12,11 7 19,20 14 5 8 5 2 18 3,6 10 - 17
8 5,6 12,13,30 27,29,30 21,22 15 24 19 9 17 16 - 3 1
40,17 19 25,26 29,30,31 34,35 40 42 18,15 45 13 20,22 44 32,27,23 5,7 14 2 - 9 6 4 1
- - 28 19,21 41 36 7 - 49 11,12 23 24 33 42,45 25,18 38 47 37 - - 34 17 44 39 27,29 4 8,3,4 20 31 32 15 2 5,6 18 1
11,12 21 4,7 0 10 6 14 17,15 7 2 - 16 - 0
2 4 19 18,20 23 9,10 17,21 14 26 22 28 8,6 3 - 16 12 0 11 5 30 31 -
15 7 2 9 6 4 - 1 3,13 12 11 14
17,16 18 20 3 2,19 9 - - 8 4 18,11 6 6 12 15
20,19 3,5 12 16 0 10,14 12 - 8 2 7 18 -
3 - 0 7 5 8 14 15 1 13,6 9 - -
5,14 10,9,15 21,20 0,12 - 7 8 1 15 4 22,23 16,17,19 14 3 0
20,26 32,5,26 7,26 20,26 28,26 25 - - 30 13 33,18 23 - 8,12,6 31 14 15 9 21
3 11,9 16,17 0,1 16,24,17,23,21 8 30 32,35 32 32 13 28 4 4 33 27,20 32 8 19,6 25,26 - 34,29 7
0 4 13 27,4 34 - 25 30 12 8 19 28,31 20 15 - 29 14 35 24,26 - 5 33 2 3,21,23 36 -
2 25,24 13 16,17 12,14 21 23 0,1 3 6 8 9,11 7 5 19
7 23,24 16,5 22 - 0 21 9,6 20 - - 11,12 4 5 25 2 - - -
16,10 31 - 1,2,26,25 0,17,30,6,24 23 21 32 33 14 8 35 22 18 7 32 36,37 12 34 25 13 5 - 23 4 -
5,6 10 7 14 2 22,23 20 - 4 9 11,15 1 12 21 17 8 18
37,36 40 0 50,53 - 41,43 8,9 46 24 32,30 33 48 47,39 45 17 28 35 1,3 12 25 11 48 26 20 21,54 - 31 4,5 51 15 14 35 7 22 -
22 18 15 8,6 14 24,19 9,10 - 19 4 23 0,1 2,3 20,21 16
12 - - 8 24 15 11 25,28 0 32 21 29 30 22 9,2 20 23 - 17,18 17,4 27 16 6 13
2,19 2,19 7 - - 24,25 - 22 14 3 - 8 - 21 - 9,5 11 13 12 16,15 -
12 9 11 1 16 15 - 25,18 10 15 26,28 8,2,7 20 22 21,23 27 13
18 20 22,23 25 - - 16 10,11 21 0 24 6 19 5 1 - 3,4 2 26 8,7 13
3 19,18 9 10 25 21 25,21 22 15 0 17 26,23 7 11 4 - - 8 5 17
2 - 12 8,9,10 1 - 7 4,5 14 0,3
12,12 0,5 1,2 9 4 10 6,7 3
12 - 20,38 24 - 11 10 31 44,42,3,4,23 33,28 2 35 34 27 - 0 49,54 51 14 40 30 45 54 17,52,15 25,26 6 47 32 39 8 -
19,18 22 31,32 - 34 25 36 17 - - 12 30 27,28 33 21 21 8 3 37 35 0,9 16 23 - - 14 26 6
18 41,43,37 44,45 31 - - 49 38 23 - - 25 5 42,43 1,47 11,13 16,15 34 - 19,4 40,39 0 2 - 36 29 1 - 9 20,6 0,49 26 14 32,35 27,28 30
1 2,4 8,9,5,6,7,2,4 47 46 22 30 35 - 15 32 33,36 10,13 40 17 - 25 20 12 26,28
2 8 - 16 38,39 41,42 25 65 50,49 65,59 68,61 - 76 70 73 46 66 - 67 - 77 44 21 24 24 64,57 36 52 12 - 74 72 56,62 26 20 70,30 40,68,28,29 53 69 69,31 17 4 7 27,54 22 35 39 47 63 1 9,13 18 0 11 27 48 33
14,15,12 20 32 25,22 11 24 6 26 25 8,7 28 31 - - 9 3 8,1,10 19
4 6 25 38 34 48,25 53,54 57 32 96,97,94 105 100 - - 60 - 74,76 - 2,5 81 19,21 99,103 89 109 - 90 41 65 86,30 65 68 64 13 73 77,78 65,66 1 30 108 15 85 - 50 - 17,36 40 - 61,62,63 28 - 11 102 83,82,27,28 0,43,45,80,20,23 93 88,33,70 3 47 8 58 18 9 -
16,15 35 21,23 42,41 50 59 64 8,9 43 - 39 36 54,55 56 60 46 57 51 54 2 28 - 38 25 53 18 67 43,45 26 69 48 44 0,1 7 32,31 14 56 58,63 66 49,51 11 - 29 33 4,5 13 30 40 - -
6 14,14 25,26,27 29,30 - 21 59,58 53 80,81,78 - 74,77 19,5 71 22 76 66 40 41 63 57 23 35 70 54 20 73,50 75 69 32 37 28,39 67 42,43 64 7 17 10 38 - 9 - 0,12 13,15
10,9 3,4,4 - 37,36 35 42 27,29 26 31 1 - 40 15 39 17 1 24,13,22 - 19 5,7 2 44,46 18,20
13,12 5,5 - 9,6 24 1 21 1 32 17,19 16,20 - 2 37 - - 18 8 33
10,8 19 - 23 13 - 32 1 6 - - 17,20 14 22 1 - 16,15 29 21 28,29 6 2 27
12 13 9 4 5 14,15 7 0
9,12 24 27 9,12 1 31 48 - 40 - 48 33,35 - 19 - 50 29 41 17,22 37 46 3,5 1 13 44 20 49 14 18 16 43 32 38 21 2 47
7,6 27,26 19 - 19 12 10 8,5 4 18 1 14 24 9 0 20 23 2
1 3 0 -
23 26 - - 5 16,17 24 28 27 12,13,14 6 15 4 19,21 25 - 9 18 10 30 2 8,1
3,3 27,27 18,20 13 17 24 29 4,6 19 7 - 9,10 28,30 0 23 11 26 12 28 22
26 - 25 19,20 24 - 12 13 22 2 - 8 10 28,23 13 0 - 9,6 5 15 11 4 16,14
16 13 2,4 15 - 8 1 - 7 - 0 9,6 9,6
0 2 -
0,2
0 1 6 3,5
5 9 0,11 12,4 3 6 2 1
2,3,4,5 58,56 60 49,48 23 39 15 12,14 29 0 - - 8 12 53,55 44 22 18 35 10 52,45 41 11 42 30 47 28 26 20 38
2,2 35,36,33 - 20 10 49,52,46 41 27 - 15 18 7 29 23 38 19,21 43,3 31 9,12 47 29 17 8 - - 11 6 24,22 32 4 53 44
18,15 - 3 29,30,28 24 8,4 9,10 26 32 32 27 5 21 7 - 23 - 12,13 4 -
1,3 5,6 - 9 26,20 9 - 10 25,23 11,13 - - -
33,33 7 23 31,31 4,4 9,10,8 - 17 18 - 21 16 - - - 2 26 15 - 32 28 30 3 20
1 3 12 7 9 16,18 17 - 15 13 4 6 17
7 13 15 9 2,3 11 16 20 21 - 0 5 17 16 14
3 9,10,7 20,22,22 18 - 21 6 - 17 13,15 5 19 - 2 0
9,13,13 10,11,12 16,14 4 7 0 8,5 3
8 11 2 5 5 0 6 9
6,5 15,13 19,19 20 1 18 1 2 12 - 8,10 - - 17 11
1 9 7 5,6 4 - 4 -
1 6 15,15 23,23 16 22 0,2,3 20 - 11 16,4 19 12 - 24,25
1,13 8,6,8 27,25 42,13 38 - 14,15 - 11,12,45 40 - 32 22 33,36 30 - 16 41 31 21 0 43 9 - 3 35 7 5 - 24,23 -
48,13 11,27 23 - - - - - 45 - 6 36,37 - 0 38 46 9,29 41 8,5,7 42,39 - 2,4 20 24 -
12,10 4 9,5 0 5 5,6
3 9 9,13,11 1 14 - 16 0 2,4 6 17,18
15,31 40,41,38 26 33 34,35,36 21 - 21 - 25 4 6 11,12 37 29 10 22 - - - -
16,2 20,7 24 - 4 21 25 26 - 10,13 9 12 27 5 17 18 22 - -
2,34 23 - - - - 32 25 12 26 31 24 29 - 28,30 4 1 10,15 27 6,7 13 8,1 32 - - -
8 17,17 16,15 19 33,34,35 13 - 4 30 26,27,28 9 - - 10,11 - 32,31 - 22 25 24 -
16,17 22 28 - 33 4 35,39 0,13,14,15 2 - 19 - 9 29 38 7 24,21,23 - - 8 3 11 37 - 31
18,16 9,15 9,4 8 14 0,3 9 1 9,10
7 9 12 4 0 3 10
11 16 3 - 5 2 7 8
1 13,14 20 26 - 23 19 28 4 10 24 9 17,15 2 21 17 27 - 7 6 5 8 29
5,21 11 1 32,33,34,35,23,24 19 37 25 - - - - 2 26,30 31 30 4 7 - 36 8 17 27,13,14 - - -
4 7 10 13,14,15 11 12 20 - 19 2 1 16
10 13 9,11 2,3,5 0 - 7 8 8,6 1,2 11
5 1 9,10 15 24,25 37,38 43 32 14 - - - - 13 - - 33 33,21 - 31 43 8,16,36 14,39 13 13 - 13 30 2 7 26 3,6 - - - 18 -
9,13 5,6 11 32,34 28,29 10 20 0 - 31 2 18,21 18 - 24 10,4 - 14,15 - - 19 - 3 1 1 17
6,7 24,23 29 12 19,20,21 2 10,28 17 - - 15 - - 16 13 8 - 33,30 32
9 18 12 27 11 7 3 16,14 26,21 29 31 30 - 13 25 1 5 - 1 17,19 24 2 4 0
3 6,30 24 9 10 - - 8 0 19,31 2 - 16,15 20,29 19 12 22 34 14 23 32 11 33 18 -
3 5 9,9 18,9 - - 26,11 - 28 17 20,21,22,23 6 27,29 10 0 15 4 30 8 25 15 7 6 - -
10 13 17,14 7 - 16 15 4 - 6 8 0
4 12,13 15 20,22,22 24 40 37 28 36 35 39 32 27 - 38 33 9 0,1 10 26 5 7 21 17 29 8 31 18,19
1 11 8,5 9,10 16 - 15 18 2 4 2 7 0 17 13,14
29 34 14,15 13 19,17 22 25 21 - 8,5 3 7 27 1,2 23 24 16 0 - 31 30 23 33 - 28 4 10,11 12
1 59,30 17,26,45 56,54 32 47,20,23 43 20 51 33 61 4 5,6 53 66,61 - 66 62 40,28,62 15 67 65,42,44 3 - 37 21 9 - 0 53 12,13 18 10 64,39 63 -
3 6 0 18,19 14 9 17,11,22 23 14 - 15 16 24 21,14 18,19 15
8 26 13 27 16 17 - - 21 - 19 24 15 6 5 18 20,22 - 12 11 1 2 10,23
- - 9 11,12 5 13 0 14 7 10 2 3 1
1 3 3
8 26 27 13 16 17 - - 21 - 19 24 15 6 5 18 20,22 - 12 11 1 2 10,23
1 0,2 12 25 14 6,7 - 5 7 3 16 18,13 17,15 21,22 20 24 6
- - 9 8 21 2 0 20 - 28 6 - 24 23 - 4 29,30 16,19,15 - 14 10,11,12
- 24 20 10,11,12 18 29,30 - - 9 - 14 8 21 2 0 - - 28,20 6 23 4 16,15
2 8,6 3,4,5,6 0 3
2 8,6 3,4,5,6 0 3 -
3 10 16,15 11,4 7 8 14,7 4
2 - 10 5 26 11 12 7 3 25 8 9 0 17 20,22 23 18 18 19 1
6,7 2 - 9,10 3 1 12 - 4 - 15 0 8 -
9 11,10 15,14 9,13 1 9 2 0 7 6 -
10,11 13,14 9,12 0 20 1 19 - 4 18 7 8,5 17 17 2
1 0
- - 3 10 9 1,5 23 - 16,17,18 12,15 24,22 25,26 14 21
2 4,3 10,7 9,10 15 11 18 20 6 1 19,21 - 11 0,5
3 10 - 7 0,6,7 8 5 11
- - 6 0 3 2 7 4
2 4 0 8,6,7 5 1
- 19 2 13 9,7 - - 3 6 1 - 0 - 16,17 11,12 5
4,5,6 9 - 0,3 10,12 13,14 2
19,22 - - 28 19 30 9 - 13 - 12 - 24 25 7 17 16 - 32 8 18 0 2 - 3,5 1 11 21
6,6 11,13,7 15,14 2 1 9 3 4 8 11
1,2 0 8,7,26 - - 10 15 18 12 5 21,22 16,14 3 4
5,6 1,14 24,4,3 2 - 28,31 - 19,20,21 7 22 9,11 - 0 - 8 18 30 16 -
2 8,9,7 5,6 - - 25 48 32 29 - 33 36 15 44 47 31 - - - - - - 40 43 0 35 14 0 17 18 6 12 41,42 13 46 37 45 10 27 4 3 23 20 -
